50 2
20 24
112 97 73
314 238 48
864 605 33
704 537 215
974 488 162
867 748 59
870 250 355
688 503 394
363 259 896
722 268 938
839 363 422
96 80 557
246 213 186
320 43 647
343 93 452
593 542 148
634 440 578
498 279 576
63 48 214
318 304 41
77 31 496
966 686 365
342 190 767
998 994 325
958 698 638
114 44 489
542 504 765
204 203 338
298 272 951
72 1 136
606 365 563
457 437 984
38 32 604
858 421 323
29 28 53
711 681 47
253 100 474
550 359 231
988 169 462
468 62 435
50 30 930
559 149 22
788 587 675
493 164 733
99 11 76
529 87 769
762 538 776
142 85 300
129 26 896
