40 400
37 8
28 38
38 11
5 35
16 22
37 2
39 16
10 29
35 21
27 37
6 23
31 1
6 16
25 40
22 6
21 13
39 6
3 38
23 37
13 8
32 39
37 1
5 15
26 40
40 28
23 19
31 6
4 38
18 5
27 3
31 11
36 13
39 29
9 3
30 5
19 12
6 11
27 21
29 23
18 36
18 25
17 1
28 18
10 7
27 40
5 24
5 22
12 14
3 9
40 3
25 20
1 26
25 13
33 19
24 6
9 27
32 13
20 34
21 28
23 35
24 17
24 7
23 7
35 18
3 28
6 5
16 17
14 34
32 29
40 3
33 10
34 36
10 22
6 20
2 36
30 24
33 1
2 32
13 7
36 24
23 29
13 9
11 36
5 37
15 30
29 13
2 31
25 30
9 1
3 26
4 24
23 22
21 28
24 21
28 25
31 20
36 23
19 38
19 10
27 24
14 3
6 38
34 21
11 29
12 25
25 7
18 10
9 26
16 10
7 17
21 12
4 1
19 7
31 5
2 1
15 11
21 34
18 5
3 37
10 17
32 18
3 18
25 39
39 12
4 26
26 27
14 25
5 13
2 10
7 11
33 27
23 5
20 19
12 19
20 7
37 12
3 30
33 11
40 21
25 13
39 5
33 20
7 16
34 7
26 7
35 24
40 31
3 36
4 15
1 23
5 19
23 36
20 26
16 38
23 27
3 1
20 11
8 17
28 7
2 22
20 18
15 37
12 26
36 12
11 9
15 18
8 21
3 21
18 32
15 33
34 32
7 24
28 16
2 37
10 22
2 8
40 3
7 21
17 22
20 12
9 35
32 10
13 20
17 19
36 33
32 3
28 11
36 34
34 19
33 10
26 32
37 15
19 24
3 30
20 38
12 4
29 14
15 14
20 5
24 5
40 29
22 3
2 13
27 25
15 31
31 12
7 9
30 19
9 36
5 11
37 16
9 27
40 6
32 16
20 12
29 34
40 29
5 30
36 26
24 3
40 11
33 31
7 18
4 23
31 10
18 24
14 29
32 13
40 28
39 34
14 3
35 34
19 6
37 20
22 36
9 12
23 13
40 19
3 33
2 28
2 39
27 8
4 9
33 3
7 6
8 4
27 16
6 17
31 4
23 9
16 20
2 8
1 32
25 38
6 8
13 32
16 36
1 30
12 13
10 19
4 33
21 9
20 18
9 2
6 40
32 40
15 11
27 14
15 33
19 4
13 6
1 39
17 31
6 14
32 38
19 38
28 9
3 15
17 35
20 14
9 26
10 1
17 7
36 6
10 25
37 36
25 10
12 31
39 24
36 8
9 14
21 19
1 8
17 24
11 34
8 11
33 2
28 12
32 10
30 32
17 31
31 38
1 4
24 18
1 24
3 13
30 19
15 35
34 29
8 20
1 8
12 11
29 9
39 10
16 12
12 35
10 2
21 37
4 23
39 22
9 36
15 32
25 20
15 17
22 25
27 28
40 13
21 22
34 18
10 27
3 38
5 25
5 36
24 38
33 18
24 5
37 18
35 8
8 34
37 17
34 13
4 26
18 9
5 28
14 31
37 28
23 15
16 33
34 1
21 16
16 28
31 16
22 3
22 14
22 2
20 35
5 22
17 1
19 35
8 25
22 35
31 6
27 20
3 28
33 20
3 29
22 38
4 17
25 23
24 16
4 15
20 12
6 2
8 10
35 24
10 29
18 5
27 3
22 10
32 22
14 10
2 27
14 30
20 33
22 13
35 5
15 17
35 29
9 32
15 25
10 37
13 37
11 30
18 25
9 5
28 34
5 33
30 40
13 26
23 6
