80 8000
22 77
10 71
22 15
32 46
27 34
16 10
78 16
30 60
43 23
17 14
3 72
66 26
27 73
49 48
28 52
48 5
1 70
22 63
76 16
77 74
1 58
35 5
72 59
77 6
47 66
80 18
23 48
39 22
50 44
48 65
44 46
62 23
31 52
56 63
60 16
9 22
25 39
30 75
14 3
27 80
55 19
70 47
5 38
42 19
45 35
70 11
7 37
12 26
32 55
50 58
24 12
52 20
53 25
48 25
31 9
56 13
2 56
68 54
15 57
45 17
42 65
67 46
13 9
25 31
4 15
3 77
48 53
47 67
4 17
41 1
75 12
37 26
16 19
57 6
68 25
64 17
43 19
40 26
31 58
5 69
44 77
60 41
50 76
24 67
71 14
41 50
66 12
48 56
65 36
5 15
4 7
1 50
15 26
52 31
60 9
80 28
71 80
76 47
48 16
34 53
45 32
1 28
69 41
11 8
69 9
24 66
47 17
18 36
39 46
36 37
42 37
21 72
66 46
41 49
74 71
37 56
3 36
21 57
45 68
19 45
38 25
18 7
65 73
65 38
8 46
36 30
70 5
1 7
29 32
66 27
50 68
37 76
31 12
72 4
37 34
24 46
33 12
79 33
35 24
54 21
61 41
27 56
38 8
29 60
24 49
17 6
67 34
32 65
40 31
38 9
30 1
21 33
80 2
16 29
12 66
48 8
54 69
35 48
35 19
24 5
79 7
52 30
39 1
64 51
15 36
24 20
46 72
45 64
77 41
52 15
60 38
70 41
45 67
30 45
14 43
68 79
74 26
67 25
11 67
55 10
45 3
6 9
49 13
58 65
60 22
68 67
22 72
52 66
76 63
66 37
31 15
9 8
35 44
70 75
1 48
29 49
5 72
4 19
32 7
39 59
7 34
66 25
50 35
42 65
62 39
36 75
76 32
60 2
79 19
80 22
18 58
35 26
80 67
42 70
26 63
66 54
5 52
72 57
25 76
79 35
67 20
30 11
19 14
31 14
63 79
2 42
79 17
72 52
14 34
24 2
15 20
61 18
38 59
5 65
27 34
52 69
11 38
63 68
54 41
66 74
66 64
75 55
70 54
12 47
16 23
28 72
32 5
71 15
27 7
26 20
57 53
72 73
22 61
71 70
5 49
35 56
40 23
11 62
42 40
47 43
21 17
24 7
12 37
16 14
51 72
37 63
49 69
27 46
5 10
23 2
78 39
20 40
34 19
66 30
24 71
50 57
46 32
59 47
35 49
8 46
30 31
56 3
5 67
77 4
23 28
62 55
67 26
4 24
30 4
32 7
33 3
4 71
9 53
6 49
54 43
16 15
44 27
66 17
52 78
31 27
60 3
75 21
35 75
68 10
62 43
6 41
6 29
53 71
72 14
39 28
19 2
7 17
77 44
52 72
47 6
15 36
20 15
65 76
14 72
2 29
33 22
35 5
22 20
53 9
74 61
48 63
76 6
61 69
66 50
76 24
69 60
63 62
64 49
5 3
48 17
72 71
23 26
2 56
53 27
63 2
32 61
80 39
19 74
10 62
28 34
6 63
79 73
63 56
49 55
23 27
77 71
18 13
35 56
8 73
52 63
40 75
7 51
64 38
40 16
6 30
67 5
18 63
61 6
65 36
12 74
4 48
10 13
15 9
38 48
58 24
34 20
51 58
54 51
42 2
60 55
20 37
34 1
25 28
27 35
22 53
14 70
60 19
53 37
63 26
80 32
23 35
16 11
2 78
76 12
32 27
31 64
38 80
23 54
76 38
56 50
79 28
39 60
32 19
80 31
50 64
33 10
80 13
28 50
69 39
57 78
65 1
17 74
59 32
52 21
74 30
36 50
27 56
72 75
30 32
74 9
73 75
58 61
35 19
8 27
26 6
77 74
78 21
67 37
3 6
24 60
51 67
32 36
26 73
16 19
8 42
36 53
51 75
57 74
66 7
35 37
3 58
57 14
38 70
20 1
31 65
52 45
24 5
59 38
76 15
15 20
78 49
60 18
64 17
16 79
44 23
78 32
47 51
12 44
24 36
20 79
30 18
55 8
55 5
53 58
18 11
38 31
62 38
4 80
48 60
63 46
34 21
8 13
46 33
22 51
7 80
4 14
80 23
64 27
66 34
46 48
11 60
20 50
26 56
27 32
36 12
20 22
66 65
32 43
1 4
23 68
64 56
51 78
5 34
66 56
73 27
71 38
71 34
8 32
33 8
66 16
11 65
65 24
62 57
9 10
22 61
32 14
5 30
65 15
14 34
74 30
74 35
78 46
22 77
69 22
67 68
55 18
69 44
53 34
53 15
48 42
47 75
48 65
37 65
46 2
74 23
42 13
55 71
70 55
25 14
40 38
33 30
44 70
19 44
48 70
55 66
71 44
76 46
39 45
32 66
58 38
9 34
65 54
15 25
12 65
15 4
51 14
74 5
80 26
35 49
67 4
69 35
61 46
43 71
53 2
22 47
38 11
59 66
63 72
50 40
49 76
72 63
5 32
78 73
20 16
55 12
12 74
46 80
2 50
62 69
27 1
72 26
49 17
1 39
68 3
17 68
6 25
4 16
14 76
13 59
6 55
15 43
13 26
50 27
54 72
68 72
55 73
69 3
59 41
25 65
49 55
42 30
10 39
52 5
30 32
71 26
56 63
9 32
54 18
49 35
10 30
77 32
11 10
45 24
69 18
5 33
37 52
15 52
78 38
55 64
38 78
13 22
9 57
39 59
53 21
12 41
45 38
58 13
23 5
32 59
46 44
21 22
48 27
47 72
16 6
29 16
21 53
62 47
42 3
56 58
60 64
34 59
47 15
25 16
9 56
47 59
69 55
39 32
34 75
43 74
34 56
54 6
11 38
11 69
73 63
28 31
42 53
3 59
32 73
28 72
35 5
41 40
61 4
45 79
60 4
18 40
35 11
19 32
73 31
18 9
72 13
67 9
47 3
63 56
17 69
35 54
68 76
62 34
3 34
54 20
45 55
67 63
35 16
30 50
53 26
54 43
78 40
12 42
7 35
1 66
12 72
77 75
46 58
73 1
51 13
5 67
65 29
35 37
54 5
73 30
3 25
52 11
44 76
16 74
42 74
32 64
73 16
28 20
42 79
46 17
50 45
36 24
25 67
34 43
44 80
45 52
76 36
64 12
77 22
59 36
40 79
15 79
73 29
35 38
65 33
18 3
21 1
43 6
61 54
64 51
54 79
71 50
65 45
60 30
2 69
45 7
1 33
44 16
12 47
1 65
51 32
6 38
27 42
9 78
60 7
45 61
35 20
73 26
17 67
7 2
25 9
6 3
22 49
9 50
67 71
22 53
17 13
8 74
36 57
54 69
25 55
3 46
18 27
44 6
34 70
4 51
55 24
22 77
21 37
44 51
67 19
9 39
42 79
49 77
10 40
60 80
5 67
6 30
66 21
50 71
43 12
34 1
47 7
33 23
1 73
57 5
55 74
61 62
28 38
33 55
30 12
76 41
48 64
61 50
3 5
36 4
36 53
14 47
55 30
28 15
58 13
66 10
28 18
28 46
20 69
41 72
56 47
43 78
39 44
24 22
64 48
76 44
56 79
5 32
9 18
6 69
29 57
20 36
23 4
76 71
74 73
43 14
48 2
36 61
36 27
14 12
72 56
35 70
32 77
35 58
21 68
15 77
52 11
46 70
12 3
11 49
20 50
52 13
34 18
77 62
37 32
43 27
75 77
26 65
12 65
24 46
30 3
71 55
46 66
31 34
77 31
25 45
32 80
69 21
16 47
53 64
24 73
80 20
74 32
16 29
74 26
36 43
65 63
47 49
43 78
23 24
26 25
55 58
33 36
45 39
57 42
44 3
47 56
76 38
52 64
69 26
44 72
56 17
64 24
38 61
28 80
54 22
49 47
19 72
52 29
60 66
29 18
35 71
25 60
62 49
25 14
9 57
33 11
50 32
25 63
28 74
31 38
29 62
36 51
63 55
58 43
66 6
76 39
25 45
7 70
73 37
41 8
13 9
9 36
36 57
78 3
17 40
22 2
59 31
65 52
27 40
4 78
80 35
23 42
78 52
71 68
58 3
37 80
64 58
52 50
30 11
31 4
54 72
33 52
16 25
27 67
69 74
33 39
5 25
29 9
18 28
75 8
3 58
59 21
18 77
35 5
62 6
74 50
26 25
30 10
60 12
47 62
15 77
18 37
1 73
30 38
38 6
66 1
51 10
13 55
51 49
53 14
6 27
17 30
61 27
47 54
80 41
79 7
40 33
5 72
21 50
59 49
72 80
29 16
26 67
11 39
4 6
58 11
69 72
35 7
32 14
35 39
74 31
58 14
48 39
12 64
31 5
51 56
26 44
74 67
40 54
35 52
68 44
35 62
43 63
17 77
33 19
58 77
28 46
80 33
56 46
38 30
17 48
54 61
12 41
75 76
14 49
55 46
51 19
30 54
57 15
9 16
66 9
21 41
38 71
33 50
30 38
3 32
10 53
68 15
28 8
31 59
11 22
54 69
17 76
61 4
14 9
45 49
2 32
2 74
22 73
46 64
4 31
36 57
75 51
45 46
44 24
39 62
31 5
80 41
79 70
79 7
42 75
60 63
50 24
19 64
14 51
54 11
25 74
72 70
18 74
50 43
75 73
17 23
59 60
70 59
76 65
37 15
61 71
7 26
48 1
8 59
61 56
57 67
46 38
15 72
33 27
50 68
57 43
31 4
46 61
39 10
72 14
30 60
55 76
28 2
62 28
63 27
20 5
55 57
2 3
73 32
23 52
13 43
23 46
48 8
23 55
51 39
19 44
10 14
73 11
13 72
44 40
74 33
65 12
65 12
69 33
23 77
69 7
68 48
20 51
37 48
41 11
42 32
14 11
25 6
9 43
24 22
72 12
22 44
6 44
39 33
40 64
25 68
5 65
48 73
28 30
33 23
13 7
72 43
75 67
2 19
32 59
20 68
73 12
66 37
70 25
72 66
44 39
5 25
50 80
75 64
39 16
65 61
42 11
1 76
17 5
26 78
35 72
15 20
14 34
69 72
1 20
9 20
3 4
8 72
11 28
38 40
37 9
40 60
35 76
9 47
10 12
73 1
17 19
25 5
54 29
48 67
24 12
9 23
45 54
67 64
14 21
16 18
23 38
70 69
24 27
1 3
22 41
31 78
10 11
50 23
17 13
34 24
58 1
56 76
75 13
20 1
13 27
57 29
43 73
59 54
56 40
53 27
28 19
62 48
43 59
15 50
43 70
7 20
55 50
76 26
77 44
39 15
33 57
19 33
72 1
2 80
78 15
56 50
16 67
46 18
35 80
32 28
11 62
32 35
69 41
49 28
29 16
44 16
8 7
62 78
28 5
72 70
35 39
14 63
12 11
41 34
58 38
21 60
19 31
3 80
50 17
72 67
53 77
28 46
63 37
29 80
55 18
73 10
56 32
71 16
79 77
31 62
32 13
45 17
2 73
66 42
14 75
3 63
4 51
56 42
53 69
14 24
42 9
22 42
12 58
52 71
10 8
16 25
38 54
8 59
40 44
28 34
9 22
33 49
25 3
79 67
43 54
67 5
52 57
14 24
63 37
19 68
59 60
61 64
75 47
39 27
37 40
50 22
20 2
50 40
23 43
33 25
31 73
43 39
52 18
65 4
65 34
6 37
36 41
79 43
73 48
42 14
50 24
78 31
39 20
27 77
63 76
3 45
55 14
45 52
47 12
67 48
61 28
4 80
56 54
67 7
30 10
70 77
78 39
23 14
15 37
55 73
40 28
54 49
5 75
60 80
73 66
36 15
54 24
43 80
54 38
37 68
38 41
41 69
54 4
16 62
74 44
9 77
12 74
39 29
19 69
29 21
36 80
67 25
58 41
48 2
71 67
1 30
35 39
8 46
56 47
8 55
68 27
75 21
10 15
76 68
49 19
13 37
19 50
51 47
79 11
69 11
24 19
48 55
37 1
38 52
63 1
10 41
69 66
69 13
43 24
5 16
22 26
57 19
2 37
22 59
12 7
37 2
25 21
34 70
77 53
78 25
69 21
79 47
62 34
11 51
27 18
48 34
34 11
63 46
80 57
60 76
1 44
16 6
24 71
23 59
61 35
35 58
26 9
39 10
14 76
76 69
74 61
63 25
54 21
49 70
77 30
38 18
12 42
71 24
7 59
48 68
53 57
34 73
31 64
34 59
21 15
24 69
41 9
1 37
17 56
14 27
9 21
35 30
63 33
41 70
22 64
60 3
67 9
61 37
19 71
1 33
3 11
32 35
38 7
71 38
35 68
6 78
5 61
51 14
25 34
6 34
35 38
75 39
41 34
35 46
70 16
66 45
25 16
2 13
51 70
79 29
29 58
26 61
16 6
54 4
74 60
14 43
64 62
29 80
38 36
57 73
71 45
70 62
32 5
48 6
43 57
78 8
25 26
74 1
61 16
51 31
18 2
12 39
18 79
75 79
16 24
10 21
64 35
58 54
27 72
26 74
5 17
67 5
3 61
71 16
35 76
64 37
71 17
75 2
38 20
24 57
11 33
59 62
37 39
62 60
38 26
45 48
5 66
24 76
12 42
36 70
42 1
43 54
33 12
7 59
9 66
43 71
12 31
26 78
8 33
62 60
80 46
34 76
11 44
24 65
52 8
5 1
56 16
64 36
11 57
70 42
3 25
25 34
27 29
44 68
2 21
41 24
57 19
11 61
9 16
20 51
59 23
40 65
29 24
64 48
4 70
73 45
20 58
18 59
42 30
34 63
67 34
15 66
18 42
7 3
30 45
59 2
65 24
31 70
74 26
44 40
28 54
15 70
13 19
23 1
8 63
10 31
75 24
16 26
74 66
71 46
26 4
46 31
71 10
26 65
14 36
67 78
35 54
8 36
29 70
7 68
37 50
22 52
75 23
77 30
1 42
41 79
77 3
43 9
27 13
7 33
25 24
6 1
42 7
52 23
4 35
66 21
2 5
37 31
66 80
5 32
39 53
63 5
24 76
52 80
80 34
56 54
12 37
67 66
64 42
35 32
18 24
41 34
13 27
7 47
80 49
40 15
77 32
8 32
42 14
72 4
51 8
28 1
38 76
12 79
69 78
22 46
24 71
58 77
24 65
29 52
5 60
23 43
17 77
37 16
67 58
55 22
54 47
51 16
55 75
32 10
26 68
76 49
5 79
39 37
67 73
6 62
66 33
49 68
6 27
68 6
68 46
2 4
55 7
13 37
47 52
16 66
77 10
69 25
73 32
31 59
44 33
2 46
38 30
38 75
73 58
71 1
76 60
56 48
73 16
43 31
79 38
74 72
64 18
66 70
4 42
51 61
69 76
49 2
65 69
22 63
11 26
29 49
58 51
57 58
41 75
12 15
69 34
48 42
2 75
66 73
55 78
33 77
29 7
4 61
67 5
1 16
77 44
7 6
33 19
53 32
57 71
64 52
67 6
1 26
4 53
37 49
80 11
59 10
68 20
73 28
77 14
24 15
14 63
67 17
46 13
28 52
23 52
8 62
9 68
30 55
4 17
11 46
34 33
32 53
27 49
67 80
62 33
10 11
79 51
19 17
67 48
31 37
22 51
2 77
21 60
5 33
36 14
52 1
26 1
65 77
80 49
79 58
6 13
71 36
14 9
47 12
13 3
67 51
64 17
41 28
40 9
4 60
65 73
41 74
44 50
5 65
30 57
38 2
48 58
45 63
29 64
50 49
39 31
63 20
33 11
68 38
38 30
2 59
49 22
64 11
19 36
74 67
49 14
76 16
19 45
11 23
22 64
28 32
75 24
75 54
22 10
54 73
63 32
16 60
52 56
30 71
70 35
61 5
23 55
74 55
50 14
56 32
51 21
30 40
75 46
54 41
78 30
32 53
4 31
77 45
59 47
52 27
19 48
80 26
17 38
47 72
29 12
69 59
35 79
71 73
70 1
33 30
8 55
1 74
68 44
73 48
69 44
64 25
12 10
50 79
77 42
76 50
34 71
1 38
71 79
71 19
12 66
42 68
7 6
63 22
20 21
66 78
52 80
16 1
51 22
45 19
63 54
3 16
28 35
77 3
63 23
62 79
67 59
24 10
24 1
21 13
31 10
2 21
31 80
15 69
35 45
80 2
58 18
63 53
6 2
23 13
46 68
26 10
43 20
61 3
30 34
71 17
25 65
21 18
2 58
9 39
67 55
38 54
60 40
70 40
80 65
4 28
3 42
35 3
51 78
21 66
76 44
36 67
18 9
12 20
75 44
47 54
34 33
64 47
38 23
56 57
72 34
37 49
33 25
38 24
73 57
16 21
65 80
28 66
10 67
54 75
44 24
64 66
16 77
29 45
6 47
38 54
16 52
72 10
37 34
36 27
15 53
46 14
13 61
31 14
2 45
35 23
52 77
44 59
14 9
77 65
14 1
47 49
40 55
15 9
33 35
46 59
20 34
16 29
65 19
46 7
20 8
3 28
19 66
75 72
48 58
61 11
35 25
46 59
73 13
4 79
19 72
73 33
53 32
28 18
40 30
15 22
56 63
58 52
70 54
7 39
39 40
68 63
67 14
4 65
39 7
14 3
3 19
12 49
45 25
14 43
77 34
21 52
31 75
24 69
68 71
2 72
49 59
1 13
62 1
41 8
55 69
47 65
79 43
63 66
57 7
7 29
61 51
57 4
73 61
45 31
61 54
76 57
62 52
70 51
20 64
29 32
43 73
40 71
38 80
49 53
23 42
39 8
41 33
13 21
7 3
25 18
33 49
6 45
14 1
2 51
5 61
1 9
8 71
72 66
35 25
57 66
15 44
48 77
64 23
7 47
13 63
1 10
63 49
65 21
6 12
65 40
45 17
79 33
21 50
19 14
30 32
46 10
66 38
67 74
43 80
40 5
44 32
71 7
40 45
80 14
25 63
70 80
58 20
62 35
78 14
3 4
55 3
69 17
63 28
53 15
51 6
74 68
2 4
47 61
66 74
18 74
12 20
7 29
75 45
4 31
49 8
34 75
3 11
34 65
24 31
53 20
45 66
35 61
64 45
60 47
58 70
8 28
80 75
64 20
16 48
49 52
34 41
39 59
11 64
70 27
75 66
4 62
48 66
60 79
64 69
12 61
4 69
55 11
23 31
53 35
43 52
62 14
68 11
3 45
59 46
5 20
60 56
59 57
72 78
17 57
36 35
20 68
56 1
70 28
66 71
48 58
48 70
75 57
73 67
6 25
37 57
4 77
80 20
43 46
75 38
69 37
27 21
34 37
56 59
37 15
31 37
35 43
65 21
71 6
50 17
17 14
27 49
66 56
72 52
1 27
26 28
73 50
21 29
57 14
36 34
18 2
49 56
77 53
45 1
19 36
78 67
2 13
11 55
15 4
50 74
62 34
51 79
60 33
3 26
70 49
26 22
31 39
37 65
30 73
52 27
77 3
77 11
75 20
7 57
75 65
32 5
67 66
56 15
78 48
68 60
11 46
44 8
75 29
45 14
54 5
7 18
71 19
31 72
60 21
79 10
71 48
50 37
79 59
72 28
80 65
56 36
23 3
41 7
22 68
71 65
70 11
5 38
32 52
5 26
51 79
33 23
34 64
6 43
67 13
52 71
64 19
15 17
10 18
1 35
17 28
54 57
13 26
14 7
25 55
62 49
66 19
79 34
76 65
78 37
45 57
42 31
48 23
10 51
4 58
68 28
59 6
43 2
34 38
32 75
74 30
72 63
72 41
21 35
25 37
63 46
12 68
80 75
56 42
70 75
67 66
4 33
76 73
33 36
18 1
39 32
58 32
53 37
45 14
30 55
23 75
56 76
42 54
30 49
25 39
15 6
29 54
76 13
67 1
61 47
44 43
77 71
44 39
42 4
60 17
38 60
25 53
25 4
18 70
12 8
29 41
15 74
66 23
4 26
47 14
33 51
66 1
35 78
50 20
54 29
23 32
45 34
77 69
32 20
70 3
57 17
53 80
70 7
35 69
43 41
77 17
13 48
23 55
44 5
41 79
45 13
68 57
21 58
31 30
21 77
37 58
15 44
69 61
63 1
65 9
31 24
15 71
80 21
27 18
8 28
67 25
31 7
73 65
33 20
53 2
63 20
17 21
61 46
27 60
53 41
6 74
67 69
25 39
56 3
46 45
8 56
68 62
43 63
78 27
47 52
34 30
36 41
11 1
31 68
40 53
24 15
10 29
60 24
74 80
59 78
32 26
75 10
77 11
3 19
18 54
49 57
23 4
5 27
69 79
35 65
60 23
5 19
78 48
7 15
18 34
57 39
2 8
49 65
77 34
22 69
54 35
22 51
1 42
79 13
43 34
24 34
46 51
49 53
54 28
17 62
51 13
51 55
10 29
20 34
36 52
25 80
46 2
70 27
72 23
55 77
38 8
27 23
2 17
4 59
71 13
24 19
24 64
67 56
71 14
67 59
46 17
10 31
26 6
80 76
26 80
63 30
21 68
21 69
1 60
69 19
45 37
70 65
72 64
34 73
23 68
25 13
3 42
12 63
56 16
66 23
40 71
70 17
22 21
70 28
76 20
54 76
21 49
75 72
51 30
1 60
42 80
54 41
51 49
44 48
26 31
33 75
76 20
75 76
15 60
17 26
54 70
17 67
40 9
9 56
47 33
33 49
26 62
62 69
44 19
48 35
43 8
21 77
18 57
35 71
31 38
66 76
5 49
47 9
43 18
11 17
44 54
26 7
54 12
5 7
11 55
8 29
2 15
68 76
54 47
46 72
70 72
30 76
4 29
66 22
6 53
40 70
56 45
39 50
56 3
39 53
41 12
20 44
33 47
79 39
42 55
61 14
70 41
50 27
9 2
33 8
4 53
7 19
34 36
20 33
70 50
35 32
54 23
69 33
62 15
15 9
74 10
73 4
15 58
64 78
66 23
4 24
79 62
59 41
52 78
12 10
51 74
37 41
68 10
6 23
48 41
52 26
55 8
23 44
43 10
28 74
67 38
67 53
33 52
76 33
80 33
47 67
11 55
56 21
3 43
66 20
76 64
43 64
64 49
23 27
27 11
11 14
45 79
50 68
43 37
28 13
31 4
74 77
67 59
19 10
74 28
19 65
8 11
39 65
4 3
1 62
61 49
26 16
50 23
75 1
9 58
51 67
57 5
21 40
79 36
70 56
77 74
19 78
38 27
73 27
52 2
43 34
67 45
64 42
3 44
19 32
57 69
17 2
46 35
62 4
31 66
64 47
43 53
50 77
41 33
51 47
21 23
60 14
78 62
79 78
58 15
77 22
71 10
15 62
71 34
1 6
66 80
37 62
17 29
62 76
36 44
53 9
13 46
72 52
35 43
70 29
32 80
36 11
19 43
59 71
63 49
23 31
74 57
41 20
6 60
45 34
23 16
23 63
31 18
72 26
22 66
46 54
24 70
66 77
55 66
16 29
10 12
73 71
28 65
2 49
44 17
19 37
60 14
26 32
19 33
53 52
43 37
27 22
67 26
4 16
29 3
12 16
65 24
4 7
41 69
17 60
35 9
75 7
66 8
80 38
29 74
78 11
63 42
76 75
53 23
34 64
19 38
28 41
48 46
43 69
69 10
36 43
49 11
15 22
72 4
25 17
15 44
18 31
66 47
32 5
63 30
27 62
72 42
78 38
69 77
44 32
80 1
73 17
55 54
13 34
77 17
69 33
41 7
2 64
53 6
39 37
64 13
63 9
61 79
68 25
34 21
41 56
10 56
50 59
3 26
23 75
49 14
5 23
57 76
28 79
7 63
18 74
72 70
78 49
1 22
14 50
6 22
34 78
67 17
46 10
23 24
12 66
52 14
56 34
33 58
2 59
24 72
31 20
24 8
9 6
52 30
58 79
33 32
53 80
28 11
29 79
66 63
44 38
23 62
14 18
64 65
67 53
8 51
32 36
63 52
46 9
22 23
26 2
36 4
20 80
20 23
16 25
21 79
56 7
25 16
23 71
38 33
31 59
40 63
36 8
13 24
64 57
7 33
77 26
14 17
14 13
11 3
54 73
62 72
62 38
10 51
20 66
67 43
39 31
55 76
60 66
66 70
60 22
40 77
35 39
31 39
51 72
66 17
47 61
63 43
64 49
42 71
4 34
72 46
25 80
5 59
39 2
14 13
3 80
40 57
29 42
39 7
35 47
72 64
59 7
71 70
61 58
41 60
55 39
4 10
24 78
34 26
21 6
66 46
38 24
7 24
42 1
39 31
15 20
61 49
59 38
55 27
54 49
40 51
29 33
39 31
33 10
79 43
54 64
45 39
52 45
21 7
26 62
30 1
38 54
1 66
30 59
45 26
10 68
6 11
71 65
18 78
21 19
75 78
10 15
64 26
78 63
3 55
77 33
60 12
40 22
52 5
4 36
75 33
73 21
20 52
52 22
51 70
5 25
22 1
66 19
73 70
18 78
48 57
51 40
33 65
5 19
39 41
13 19
33 34
51 19
32 47
20 32
28 23
32 28
48 70
77 12
10 28
2 59
44 76
45 69
14 47
78 44
57 79
73 39
45 60
72 78
44 42
23 63
61 49
70 76
26 60
11 27
18 27
13 5
24 33
58 71
49 6
18 68
74 53
9 48
1 79
9 7
39 7
62 36
68 69
8 10
3 35
28 15
17 18
52 60
66 54
26 46
77 22
17 24
43 45
12 15
59 28
5 12
65 53
40 46
67 65
59 44
1 24
56 52
37 64
60 61
30 59
11 26
43 38
67 19
14 2
76 15
27 5
37 13
9 56
45 78
2 53
9 71
5 14
50 18
5 37
53 45
40 66
17 25
73 49
60 12
39 17
31 63
20 54
37 65
54 7
80 51
9 64
4 26
42 2
74 49
78 46
15 20
25 62
66 69
40 76
73 42
24 73
28 77
28 23
57 75
58 79
79 38
47 13
35 3
39 15
46 13
21 73
60 32
65 35
62 78
69 41
41 78
16 26
53 24
35 59
64 42
54 49
56 70
4 42
20 1
10 21
28 6
28 5
12 49
65 2
54 37
2 39
44 23
47 37
26 64
42 63
26 30
25 60
77 51
24 73
25 5
37 68
38 13
19 18
64 72
23 9
72 9
78 39
51 53
69 57
9 21
31 69
35 65
12 57
50 14
55 29
59 16
24 64
55 36
53 42
70 74
9 7
29 40
19 23
20 55
36 60
8 38
5 14
41 54
79 42
45 28
16 15
11 2
29 80
65 69
74 37
79 40
36 41
26 80
56 61
42 55
41 4
12 42
45 37
80 75
33 29
60 63
33 26
55 64
17 80
63 76
23 8
68 20
29 28
58 46
36 61
11 68
76 29
19 67
13 69
2 61
50 80
14 55
41 14
46 60
20 66
16 72
26 5
51 61
70 33
78 17
7 22
56 30
47 56
45 33
53 79
31 28
19 53
19 5
24 76
16 52
6 70
68 25
5 75
30 3
47 38
69 74
66 40
15 70
1 52
75 5
19 1
56 57
50 60
43 72
78 35
45 43
8 26
59 15
23 10
4 55
38 45
15 39
68 4
34 75
2 17
12 78
25 77
60 35
66 3
55 16
43 51
70 78
9 16
5 10
16 2
6 71
13 53
12 10
13 8
64 29
51 32
48 60
22 34
27 11
80 44
6 29
48 76
42 46
73 7
3 11
33 36
66 21
19 15
77 66
77 7
10 76
67 15
7 64
74 80
53 63
78 70
8 48
44 31
25 60
40 80
68 49
9 79
58 32
24 57
48 32
5 46
15 8
34 64
34 72
69 56
27 33
42 65
13 24
47 43
67 23
7 57
8 12
72 19
78 73
77 53
55 66
20 14
47 50
80 18
32 54
72 73
59 16
55 62
22 37
42 48
9 80
21 36
48 45
46 49
28 30
64 66
66 74
10 24
42 57
14 6
17 41
2 51
71 60
34 75
18 24
12 62
26 53
34 80
59 19
28 39
38 1
67 65
47 71
7 75
16 77
74 42
69 66
3 6
47 6
29 74
1 47
5 70
6 8
79 29
57 78
17 7
75 2
70 48
16 25
76 55
50 47
7 32
61 31
76 3
17 77
70 11
52 76
69 39
61 56
42 28
74 14
29 1
75 15
23 49
52 33
8 45
47 13
18 24
24 2
59 25
63 17
64 44
9 15
13 49
32 6
37 28
30 36
32 3
54 74
72 51
76 62
11 76
39 9
28 32
6 26
66 40
24 66
8 15
66 22
75 53
78 80
31 45
6 78
59 47
61 2
24 7
38 48
53 68
75 3
70 10
39 40
17 64
44 80
15 19
31 51
17 1
55 72
9 79
65 46
12 20
63 55
71 43
4 71
55 69
79 21
44 10
22 50
22 40
46 21
15 71
27 13
49 3
31 68
38 50
76 41
6 49
37 4
32 48
19 61
8 1
36 34
35 29
55 53
76 63
17 28
51 38
75 64
9 7
33 62
70 74
52 9
67 24
9 22
48 35
73 62
79 46
15 31
55 33
29 44
50 22
7 40
47 31
69 15
65 29
54 62
61 58
24 6
32 65
33 13
55 80
25 60
54 77
61 2
2 30
46 79
54 31
48 42
66 64
28 76
39 5
46 3
76 52
7 16
76 42
76 41
38 55
37 56
76 29
31 57
4 53
59 32
26 42
12 33
76 75
29 6
45 13
41 13
18 39
33 39
56 37
42 58
28 70
76 80
17 78
68 54
78 52
66 78
77 53
60 61
30 47
57 30
50 23
7 29
32 20
22 60
19 49
59 1
73 79
46 38
38 32
12 56
15 78
21 73
16 50
63 47
54 61
65 18
54 66
9 49
20 74
71 14
13 15
80 61
78 33
43 25
42 52
7 64
23 16
52 18
65 64
21 37
54 3
52 20
25 62
46 27
48 9
3 29
38 45
71 15
41 44
4 74
77 73
70 76
71 44
13 72
34 63
63 65
30 67
67 19
44 60
22 27
51 49
10 9
78 13
67 53
44 49
15 63
56 30
61 16
34 11
18 16
27 51
28 77
28 31
78 27
2 79
14 2
61 35
54 78
49 17
6 15
23 67
64 7
77 37
27 14
2 75
34 33
75 57
2 47
33 57
79 11
1 25
31 13
26 10
61 33
18 2
40 6
2 27
65 15
5 50
33 70
77 25
80 68
30 69
31 27
17 16
31 60
3 40
40 65
19 62
19 36
23 41
48 22
24 16
33 57
65 19
77 54
68 51
62 25
53 38
67 15
77 4
8 28
8 46
39 64
73 9
63 20
64 31
9 19
17 69
80 74
17 48
54 59
59 30
63 76
63 62
19 5
30 19
64 54
15 53
71 78
62 79
27 21
23 66
5 35
63 49
66 22
12 35
67 65
40 69
11 55
34 5
69 68
60 56
76 68
46 20
17 74
18 55
57 75
6 14
12 16
61 79
71 40
30 80
11 35
67 29
44 40
28 22
50 16
42 46
11 72
4 77
55 19
53 15
27 38
75 19
79 43
74 14
48 14
55 53
46 35
14 22
47 46
29 16
59 9
22 38
45 2
33 31
24 74
23 41
48 23
24 66
29 19
70 62
60 42
24 4
13 16
24 1
22 41
69 67
46 79
50 30
35 48
53 27
21 30
41 68
72 29
28 42
38 39
34 47
64 44
55 26
66 28
16 26
53 63
29 35
61 40
44 4
65 48
13 46
10 65
68 24
40 59
43 26
61 34
29 2
31 62
29 50
74 73
77 79
12 37
7 52
40 36
24 77
4 14
63 77
26 78
35 24
74 5
10 9
7 22
3 46
70 8
13 39
2 56
13 10
11 36
76 18
1 48
55 75
46 53
30 56
10 45
37 46
36 57
53 6
80 75
44 14
19 12
41 23
33 10
64 12
58 78
58 31
47 37
7 1
73 45
10 73
70 37
44 48
57 1
40 21
8 57
80 8
80 8
56 32
77 29
73 70
3 13
63 8
72 47
60 55
23 47
3 73
14 59
13 23
80 57
23 32
21 15
50 5
69 58
34 59
1 8
80 76
10 61
72 54
55 2
44 10
68 65
15 46
14 43
42 76
39 50
42 49
56 31
80 14
74 45
16 43
2 63
65 79
53 41
15 30
7 10
80 53
78 24
20 67
50 45
30 44
32 22
67 72
57 69
78 49
32 48
15 41
16 47
71 18
68 17
13 68
45 56
76 58
16 40
35 69
37 76
3 72
41 18
5 10
29 58
18 55
36 26
72 63
41 29
12 70
55 47
66 50
79 35
39 49
53 29
40 64
3 41
40 20
37 18
62 53
60 27
36 78
75 42
41 31
13 72
48 43
13 18
79 26
60 59
1 8
78 40
53 20
61 50
60 50
37 8
62 10
54 26
22 6
70 31
2 56
44 64
20 2
6 74
67 12
68 80
43 33
74 7
57 34
18 9
15 49
72 67
6 40
44 38
23 16
68 73
1 74
7 5
39 26
35 56
79 54
39 19
35 75
26 60
36 9
2 45
50 66
78 3
21 79
29 47
72 11
53 56
24 21
77 72
41 3
34 43
33 26
38 35
11 7
28 6
70 25
78 62
4 20
23 8
11 79
9 6
23 71
25 61
70 42
78 8
58 45
53 3
27 71
80 16
35 3
18 6
32 2
5 44
37 39
68 19
49 74
38 52
32 55
59 8
10 21
75 56
28 32
12 77
69 75
57 49
75 26
49 52
55 72
69 75
52 19
13 44
20 11
52 50
59 38
40 63
50 79
11 53
53 50
21 76
37 2
47 64
7 68
73 48
20 65
37 64
71 8
57 8
50 41
17 66
25 75
76 80
5 55
26 3
50 10
4 37
17 55
52 49
23 19
72 5
76 71
36 23
29 66
77 29
43 53
46 35
26 68
71 73
35 12
9 3
2 71
75 55
72 9
56 18
42 39
63 20
16 27
66 15
7 66
71 76
48 13
26 53
30 35
41 76
28 62
22 35
37 42
73 18
58 9
12 69
32 1
77 43
63 60
31 72
4 7
41 3
79 35
37 73
22 40
18 8
65 13
51 53
60 1
14 55
72 21
14 41
57 16
18 28
57 74
43 34
68 65
2 68
10 71
15 46
1 65
19 30
49 74
63 40
37 62
11 68
64 31
64 79
70 4
30 54
31 37
39 62
55 48
18 47
17 7
73 52
63 16
11 12
60 19
27 60
2 64
15 75
20 54
2 5
6 29
18 73
47 77
66 59
78 37
73 2
34 5
2 11
65 36
26 52
34 11
22 34
19 7
26 76
51 59
50 61
57 76
45 22
75 3
29 57
24 63
24 47
31 80
58 19
53 61
65 69
4 79
47 25
6 20
44 21
14 45
2 22
15 32
79 43
67 54
54 41
21 30
46 21
7 8
33 77
45 11
31 16
48 65
73 65
45 69
6 24
19 59
33 1
56 74
69 22
63 9
53 50
59 69
42 46
57 63
20 3
56 31
49 10
55 12
71 68
20 24
15 12
69 71
57 35
35 4
39 11
73 12
80 13
57 33
14 36
7 40
64 16
28 75
73 5
68 25
47 41
16 1
13 25
53 42
65 4
12 30
62 46
80 43
27 15
19 49
51 18
41 6
4 39
26 69
64 1
69 58
30 40
40 8
73 7
25 51
64 15
32 54
21 51
42 79
46 58
56 46
39 49
30 74
78 70
36 43
6 14
72 49
37 63
59 28
53 55
47 33
22 19
15 12
43 9
71 8
41 47
24 73
43 49
22 34
80 79
41 63
75 28
15 13
34 80
40 61
33 7
73 21
20 32
26 62
32 63
40 55
42 76
68 48
30 18
33 16
58 80
58 32
32 43
74 30
56 26
2 11
11 73
54 61
41 39
16 78
52 56
12 43
35 19
42 69
16 4
16 20
42 44
53 79
68 28
71 69
68 46
70 23
21 76
7 75
37 7
65 75
40 65
67 20
67 19
76 8
49 56
50 12
66 64
28 26
71 46
72 48
55 59
70 80
14 33
74 14
24 48
62 5
10 76
29 2
58 60
10 71
34 13
23 26
65 78
14 35
41 66
76 65
66 65
65 6
38 6
65 55
51 34
70 13
28 72
59 6
56 31
50 36
18 67
32 45
23 53
12 9
43 38
3 24
36 48
23 73
77 45
11 52
37 78
9 1
62 53
76 15
46 75
54 14
49 43
59 37
4 61
28 60
62 3
46 72
72 58
68 37
56 71
78 34
71 19
30 51
64 29
59 48
15 52
74 34
57 62
72 13
76 51
27 68
46 26
5 8
42 30
57 79
47 32
32 67
14 35
72 48
31 30
63 10
29 30
28 5
53 49
39 59
60 59
44 26
54 69
77 51
31 41
45 44
6 24
21 47
77 68
50 57
75 70
21 28
58 25
18 13
25 29
18 38
58 69
17 69
5 73
80 12
68 21
68 79
5 40
5 57
43 38
64 23
45 7
22 43
6 5
11 42
19 50
55 79
8 48
72 54
28 39
14 65
24 66
46 23
59 34
80 32
41 42
1 42
7 1
34 7
49 35
22 61
37 32
56 20
21 44
67 76
41 45
24 36
43 64
76 52
41 5
71 36
22 62
6 50
41 68
25 17
44 50
22 4
14 56
36 71
18 25
1 71
30 45
29 20
13 32
60 54
29 17
72 5
2 20
77 80
33 65
44 39
6 50
72 49
78 25
11 23
46 56
34 55
26 22
61 34
30 17
33 46
25 55
37 52
45 59
24 51
1 23
9 27
47 4
30 19
22 19
62 5
72 55
7 76
45 73
24 60
31 3
8 59
44 6
46 48
40 4
22 59
40 22
66 77
7 71
7 75
21 22
44 79
51 25
46 71
8 21
15 52
79 38
2 61
71 30
49 9
17 78
72 56
54 30
23 11
63 27
19 56
75 51
37 71
60 43
25 55
26 58
65 42
78 11
48 4
56 79
16 80
43 8
60 11
11 16
38 23
6 16
66 58
24 41
25 28
53 46
40 76
51 24
30 28
77 33
1 32
49 9
58 68
35 5
52 19
56 74
1 48
76 38
53 49
60 8
73 46
61 51
9 23
3 31
23 76
43 8
54 2
65 29
47 69
26 34
79 80
12 79
23 22
33 30
27 29
8 80
20 14
4 57
62 55
59 80
26 9
72 64
61 9
25 58
47 67
49 1
78 34
7 60
40 10
6 23
36 79
27 66
74 11
10 49
54 12
42 74
57 19
36 74
24 70
71 80
59 46
7 17
15 10
10 2
21 75
42 65
1 38
69 45
59 69
64 41
49 70
32 45
35 26
79 5
70 39
13 48
18 71
29 34
20 55
51 18
29 73
16 66
23 17
56 44
37 3
80 53
77 26
9 63
42 1
71 46
42 25
68 45
33 4
44 41
52 43
80 4
31 42
35 68
48 47
32 49
9 46
1 26
50 79
41 65
52 62
76 74
31 75
50 64
5 8
56 1
29 14
14 61
1 8
25 42
80 37
45 74
6 36
45 14
37 32
29 77
36 44
59 54
27 17
8 29
70 77
28 73
7 66
34 55
51 38
7 21
65 50
47 24
79 3
17 71
12 76
6 77
63 50
45 43
63 30
42 3
72 15
19 14
44 69
66 71
64 39
22 14
59 30
49 23
58 8
43 40
15 38
13 78
13 46
8 24
14 25
44 11
77 54
65 44
60 54
17 9
32 30
59 17
16 56
34 39
25 50
60 19
61 29
68 16
15 31
57 47
72 50
77 19
54 67
22 52
40 35
64 76
3 74
24 76
48 63
19 8
27 49
37 55
37 49
27 36
20 37
34 32
14 39
1 52
50 52
62 30
62 32
57 26
77 65
43 67
2 75
48 21
53 20
58 2
80 73
28 65
34 9
31 10
60 24
80 43
6 14
48 38
43 22
35 65
8 31
50 4
1 30
73 15
13 26
9 1
69 79
7 50
25 28
59 74
74 69
50 55
33 1
29 75
71 45
80 60
43 23
15 51
37 29
59 10
4 77
73 54
5 72
7 8
51 7
40 18
72 73
35 13
21 46
19 5
64 77
69 39
17 79
77 42
4 65
49 67
74 6
28 31
7 19
45 61
69 34
5 1
16 47
61 3
41 46
29 14
51 19
70 17
25 56
42 33
6 59
46 5
75 13
31 41
12 68
74 60
51 73
60 59
77 34
72 27
24 8
74 78
15 21
60 14
6 42
27 73
51 65
55 16
48 52
37 26
46 20
61 46
45 3
11 28
37 58
66 5
1 4
52 78
79 65
11 50
49 52
20 29
62 53
79 17
49 32
64 5
25 5
1 17
24 38
14 19
37 75
7 45
74 49
33 68
70 23
21 67
43 64
80 38
17 19
18 63
34 78
63 53
44 31
49 48
66 10
3 14
11 54
23 65
1 79
18 79
36 21
75 1
53 76
79 4
75 11
48 43
49 13
33 42
38 34
44 29
27 79
12 79
57 58
35 36
57 31
21 63
9 14
59 44
46 74
50 56
44 43
25 35
32 29
6 37
23 63
2 55
20 53
24 21
46 71
74 19
79 32
28 69
38 47
55 21
54 73
8 64
5 69
78 57
30 14
79 53
63 37
3 78
76 13
24 33
74 61
45 47
21 18
23 47
58 26
14 59
61 73
65 46
53 24
46 45
11 1
43 75
47 21
64 50
67 54
42 1
13 29
42 41
57 37
4 79
5 14
33 30
4 11
13 50
60 20
25 77
40 21
26 53
70 45
72 68
73 80
64 55
24 6
35 32
62 41
24 75
14 30
10 46
12 42
10 74
47 43
3 74
60 5
4 47
75 19
63 59
41 2
10 72
39 36
1 63
41 63
50 33
55 60
63 66
63 72
64 56
65 70
62 48
2 74
73 58
74 63
3 40
38 51
67 3
6 38
68 6
80 47
3 49
11 70
4 39
69 43
29 80
14 78
73 24
59 5
22 62
51 9
23 6
53 24
68 40
49 37
69 30
74 36
27 10
11 63
71 30
46 19
33 1
38 19
50 17
55 4
74 60
24 48
75 53
8 67
27 69
38 17
22 40
40 46
11 76
69 52
26 53
59 65
76 44
26 6
75 43
70 9
69 34
57 4
13 70
62 35
74 61
40 10
23 51
9 61
1 55
27 55
60 46
75 19
79 16
72 6
67 38
57 19
7 34
68 69
31 39
24 57
49 77
52 17
70 31
45 50
79 60
28 70
62 41
14 28
24 61
2 19
58 51
62 50
65 12
27 19
48 42
20 19
30 22
75 52
5 76
53 12
53 26
72 52
62 68
68 57
58 3
55 61
80 33
55 71
66 14
45 31
32 79
4 35
67 41
30 54
19 42
31 59
65 1
32 30
46 1
29 11
2 34
24 21
22 80
4 17
26 42
10 40
80 52
39 25
31 5
76 36
1 74
77 16
5 33
67 21
14 63
26 51
1 43
35 58
27 48
51 64
9 79
19 14
63 75
62 19
2 11
5 47
45 11
78 73
32 11
1 58
44 78
10 48
8 29
58 76
47 34
70 36
48 77
38 66
61 67
71 19
76 41
58 72
9 77
3 8
50 78
58 28
74 47
45 50
70 56
67 21
28 62
30 37
5 2
10 44
20 23
46 65
42 14
36 49
26 44
76 26
15 44
71 33
36 42
28 13
10 24
22 73
6 77
35 22
15 32
55 70
4 50
39 50
37 2
47 38
69 22
28 16
79 72
3 36
78 23
40 74
3 50
72 30
34 49
48 64
69 12
3 50
40 33
23 13
27 2
56 60
36 21
20 46
58 2
14 56
27 9
76 49
54 25
9 53
50 26
35 19
38 68
14 47
78 6
79 16
13 16
49 19
69 41
52 38
48 73
41 78
43 16
55 1
54 78
41 13
21 41
62 79
34 42
56 13
24 15
25 43
41 75
26 66
74 7
2 78
19 69
30 12
26 43
16 63
73 22
11 76
32 5
9 29
49 12
69 63
33 19
1 53
2 80
40 18
31 63
60 77
69 78
3 46
70 78
72 64
21 69
58 20
11 45
26 13
70 19
49 66
5 25
71 16
61 52
13 37
71 46
68 38
15 37
4 26
23 26
54 28
50 52
42 45
41 27
34 47
41 29
69 43
51 60
61 60
11 45
25 50
60 17
60 65
76 15
51 36
4 73
2 55
50 30
18 21
42 50
80 12
65 45
29 12
66 10
45 11
13 8
41 52
67 44
29 3
27 61
42 75
49 55
69 16
1 41
38 61
64 71
10 64
20 40
18 73
7 72
66 79
40 24
35 26
9 57
33 26
34 37
61 78
45 22
60 62
72 13
38 51
38 28
24 73
14 76
50 35
10 24
58 7
42 16
56 14
63 8
56 22
16 70
59 32
8 71
37 50
37 26
64 37
75 67
24 40
31 10
62 27
77 26
22 21
35 2
8 79
67 39
34 39
21 32
52 46
66 9
19 26
42 65
6 21
47 59
60 44
40 17
5 16
31 44
36 56
19 29
20 30
23 56
79 61
1 68
72 10
3 24
22 16
8 2
19 53
51 37
56 17
7 35
65 64
38 65
27 66
43 25
10 74
48 57
53 48
8 3
37 16
22 11
26 74
36 76
70 64
30 67
47 42
20 50
1 5
11 15
10 80
13 34
77 45
36 42
16 22
67 9
61 38
13 35
52 76
44 67
72 76
75 7
14 13
13 79
65 75
20 49
16 38
26 8
46 50
27 65
18 6
25 60
37 45
39 33
54 71
63 24
73 57
28 32
67 9
80 41
32 35
32 42
46 71
19 43
47 72
54 76
75 14
74 45
60 5
53 20
63 44
61 74
74 71
32 78
32 14
79 48
15 27
46 71
51 64
6 76
16 79
68 77
76 32
71 75
33 30
37 12
16 10
71 57
73 71
56 1
53 60
42 37
12 37
65 10
15 67
69 58
63 55
53 3
67 43
31 54
7 73
41 9
8 65
43 22
56 8
18 58
64 4
47 7
73 17
54 2
66 79
64 53
46 49
73 14
19 15
34 46
11 21
16 28
38 2
59 48
23 58
48 56
3 21
80 54
53 13
63 15
61 20
69 29
76 12
64 79
9 60
1 4
31 66
26 20
29 76
54 71
20 45
1 27
61 15
60 2
33 11
75 65
14 2
70 67
41 24
27 52
6 51
10 23
2 16
24 1
42 63
29 43
33 2
6 19
78 34
19 43
43 10
74 57
7 26
50 38
5 37
57 47
75 67
31 55
20 64
41 67
47 43
79 44
77 72
29 33
54 47
22 2
5 42
44 6
40 59
74 54
33 3
27 16
55 76
15 21
54 33
61 75
10 65
60 59
40 31
40 68
38 36
20 54
62 12
50 8
79 5
12 67
44 67
79 69
11 63
59 47
6 35
20 7
14 47
20 23
19 24
6 12
61 35
61 72
7 46
43 80
46 24
26 30
38 68
23 80
37 58
49 71
47 57
24 71
55 64
13 49
8 25
11 44
65 38
78 2
7 12
20 53
19 54
47 39
34 48
7 47
51 76
70 59
61 65
74 41
54 55
70 44
44 60
33 29
64 50
69 56
71 30
65 59
24 43
40 42
64 69
64 78
64 79
68 65
62 77
35 3
16 26
46 72
36 68
13 72
75 27
75 14
57 38
70 74
71 13
32 47
2 32
33 53
25 78
50 24
2 63
67 23
53 43
6 22
48 65
33 60
49 17
16 70
15 2
34 2
18 61
23 5
22 15
40 6
13 27
79 16
41 70
10 20
70 42
28 37
46 35
45 58
19 69
37 63
72 4
5 20
8 10
14 76
78 20
71 80
75 22
59 26
36 35
9 58
49 53
67 20
64 43
63 16
47 22
57 41
37 59
15 79
74 4
67 5
10 63
29 35
22 77
7 5
50 4
15 10
40 30
72 38
36 24
41 16
23 20
44 53
69 55
48 35
70 75
24 15
56 46
26 47
75 50
1 49
4 59
12 51
27 52
60 40
77 74
10 57
26 79
30 65
56 40
73 80
78 16
28 74
42 3
15 53
12 36
27 46
40 7
48 5
40 23
48 12
40 33
34 44
8 7
64 79
46 79
57 71
65 50
16 70
79 13
59 52
56 35
69 29
16 8
28 32
1 40
35 17
23 30
1 23
66 61
65 47
55 11
16 7
15 33
34 52
7 28
30 60
29 13
59 63
15 52
5 37
22 7
8 64
72 28
71 80
33 63
68 12
15 80
25 45
4 50
35 17
56 14
49 41
69 30
41 11
41 66
4 64
39 30
78 23
6 58
55 49
32 65
52 51
53 51
14 71
54 19
33 43
74 73
63 48
76 32
11 12
26 57
79 57
24 39
54 3
27 65
18 62
15 20
55 62
50 14
78 46
38 36
51 58
3 29
72 4
2 4
48 18
51 73
52 62
40 49
50 37
8 66
24 9
29 40
77 79
54 3
9 50
9 30
3 26
76 69
72 25
24 46
69 17
71 44
32 28
59 44
42 49
58 30
23 69
64 35
37 26
17 7
42 16
59 36
60 63
19 63
26 6
65 33
54 25
35 8
6 63
55 70
38 36
4 17
20 9
34 50
67 15
45 22
57 32
54 80
48 70
50 37
24 34
73 46
20 6
56 41
41 43
16 9
66 76
68 2
46 9
31 78
64 70
76 58
46 73
76 57
19 31
36 48
46 55
12 40
1 21
33 64
50 1
67 9
45 6
72 24
48 51
71 39
29 13
30 35
76 43
13 47
54 25
57 17
43 70
58 32
29 37
44 28
51 48
66 38
39 16
46 51
72 22
11 45
41 70
68 50
80 39
9 67
24 36
1 6
15 61
19 21
9 55
44 29
43 40
76 64
16 12
40 67
24 35
74 17
4 80
76 38
65 68
41 48
77 33
74 46
55 23
3 58
78 52
42 9
17 71
38 73
79 24
36 65
46 43
56 79
78 41
36 34
41 30
11 34
13 73
45 29
52 31
32 36
66 44
65 71
6 20
77 7
73 32
8 72
72 29
24 64
34 62
8 61
29 39
71 60
2 52
39 19
28 16
78 56
29 46
56 23
26 36
35 79
26 43
17 54
74 16
58 65
76 70
71 29
19 50
72 73
56 78
79 9
73 22
35 69
21 78
46 7
33 42
15 1
70 20
73 37
16 73
34 75
80 76
37 78
43 66
33 63
58 69
55 49
56 50
15 27
7 26
36 41
27 20
35 28
29 57
17 53
9 55
18 14
64 47
2 17
39 24
32 46
38 57
62 58
75 50
3 75
73 77
72 68
47 63
31 28
23 71
5 58
57 10
59 80
15 37
6 34
23 39
62 59
32 8
61 19
13 75
77 65
57 41
17 45
29 77
13 25
69 51
24 79
50 29
59 26
57 18
53 73
34 26
42 15
58 67
47 22
33 31
48 39
45 36
43 67
21 74
66 13
39 1
13 46
19 72
6 80
78 71
27 4
48 70
31 12
70 20
57 1
80 17
51 78
52 36
28 3
58 53
7 3
61 36
42 70
48 65
32 24
39 33
71 40
42 48
19 42
54 41
73 21
11 64
21 6
47 8
4 76
41 61
75 41
7 12
14 7
72 54
57 65
35 1
11 5
31 54
22 9
9 4
33 67
17 12
38 48
76 19
20 46
19 51
45 1
19 26
25 50
76 9
2 27
34 54
70 76
15 74
25 26
31 20
80 58
66 53
6 10
45 50
27 57
41 69
48 10
51 76
44 5
27 9
74 22
69 32
9 44
42 60
58 59
8 26
38 75
14 12
33 7
9 30
58 5
49 37
38 68
22 50
36 70
33 67
43 15
2 38
49 58
27 30
21 4
51 4
70 79
69 52
73 49
46 28
39 50
2 16
12 34
71 25
26 48
56 33
3 72
67 38
28 34
53 36
8 71
56 64
19 34
68 48
26 51
62 61
34 13
38 4
31 24
10 8
46 32
64 30
59 4
64 15
27 56
8 57
4 35
6 79
48 66
1 52
78 51
33 20
65 27
18 76
15 17
6 77
3 16
32 45
59 41
73 5
42 46
62 68
39 41
80 26
13 51
67 30
73 13
79 25
47 58
34 41
70 3
77 15
23 50
66 33
33 7
77 9
24 22
40 19
2 55
68 19
9 21
7 29
43 64
73 75
61 59
70 59
4 78
79 78
42 5
57 27
63 15
28 73
6 16
21 8
19 31
4 73
52 57
47 17
5 76
77 75
42 77
60 3
57 18
12 43
61 41
18 57
4 15
6 23
18 74
5 50
60 16
63 60
46 61
58 75
70 49
13 55
22 64
6 15
22 16
37 69
31 14
46 29
33 41
59 50
62 38
40 2
77 74
21 13
40 3
40 25
30 64
8 33
1 4
51 65
57 55
73 76
48 69
30 71
69 77
12 75
41 67
47 38
68 46
39 11
33 75
73 45
61 8
15 56
44 58
67 25
68 7
72 49
65 77
17 21
79 41
56 1
35 33
9 80
35 75
52 38
41 19
30 39
36 25
80 29
54 80
71 37
55 1
18 66
48 38
24 73
18 15
15 52
13 64
22 79
41 17
60 78
16 61
54 21
17 3
13 46
79 8
13 23
32 19
8 33
15 32
49 18
59 30
34 20
38 1
70 68
70 16
15 52
7 24
33 57
6 55
37 45
72 34
39 46
17 15
25 29
30 12
46 17
76 54
79 33
78 3
74 13
26 73
14 54
13 4
80 66
35 36
40 73
15 12
5 10
41 5
5 71
27 41
78 4
51 72
72 76
53 70
33 12
54 11
55 70
50 34
1 48
22 58
39 50
54 56
37 44
41 51
60 77
72 71
1 45
51 67
13 4
11 75
75 80
57 22
28 4
54 80
54 67
49 58
65 41
76 69
25 3
47 59
15 65
36 22
40 59
73 39
44 25
65 48
24 74
51 26
29 62
58 80
14 60
67 50
54 13
18 19
48 15
61 12
77 34
79 71
66 46
55 4
71 28
22 39
41 72
69 8
56 70
60 66
42 26
76 4
6 78
39 67
58 80
50 22
38 33
26 57
79 71
28 11
61 76
75 15
45 12
29 79
15 43
79 20
73 77
61 47
18 44
42 68
8 38
14 57
59 77
35 60
47 37
40 10
14 41
14 25
4 6
29 47
1 77
32 72
11 22
21 20
9 24
46 22
73 18
18 54
10 69
76 48
35 40
59 51
74 3
17 19
78 4
5 8
46 29
65 45
80 67
4 33
11 17
48 9
45 51
13 60
5 44
37 70
26 32
6 22
50 58
35 31
12 40
51 59
39 58
80 19
56 38
58 56
40 71
50 14
36 25
15 59
75 31
60 77
20 78
8 33
37 47
36 45
29 16
73 70
75 52
80 43
52 30
71 8
17 42
19 4
62 21
24 4
61 80
51 37
49 38
67 49
37 43
65 31
6 44
74 59
14 35
19 28
12 34
5 43
19 27
12 22
41 54
25 46
73 30
49 73
17 52
45 80
53 11
72 66
10 42
20 32
28 77
37 31
40 52
68 73
18 19
45 44
33 25
30 9
21 22
73 43
34 61
52 60
35 59
21 33
10 49
72 73
10 71
43 16
46 36
17 45
65 71
32 5
4 65
35 53
28 73
40 44
18 38
2 14
1 8
56 50
26 64
20 21
35 68
54 21
52 60
63 71
73 23
54 18
19 39
38 66
7 80
30 6
13 61
80 49
66 12
66 28
38 29
80 19
31 22
40 52
21 50
12 19
52 29
52 73
45 74
41 32
36 29
11 9
35 50
12 70
54 20
19 32
30 38
42 18
14 30
33 12
1 37
57 49
66 8
73 57
49 74
11 48
37 32
48 21
53 51
72 44
62 66
28 12
16 77
36 34
33 59
65 12
24 21
52 63
19 56
69 50
34 39
13 49
57 7
60 74
50 34
36 67
73 53
43 18
62 33
13 20
22 13
24 39
75 34
71 78
56 21
61 34
62 19
64 4
47 25
74 30
46 43
39 77
50 1
55 2
6 22
47 69
23 26
56 61
25 64
79 25
35 48
36 74
62 22
27 6
57 49
14 71
40 5
40 58
65 58
75 33
61 74
76 49
61 23
50 53
35 18
42 41
20 5
22 63
61 75
9 14
59 18
12 14
65 80
61 77
6 11
75 45
52 48
11 67
11 45
70 26
11 54
56 62
61 51
51 66
59 33
26 58
4 61
22 17
25 28
53 21
35 54
22 6
58 6
78 58
79 76
54 28
3 27
58 24
46 11
11 17
41 40
14 76
20 49
12 34
17 42
16 50
7 26
60 12
32 14
52 55
43 52
64 28
26 65
31 40
69 76
15 78
70 32
22 67
43 78
12 16
14 36
34 55
45 80
20 71
61 41
78 6
22 73
49 40
7 29
68 54
46 8
66 74
65 47
74 36
56 44
78 72
48 76
20 46
9 48
72 1
9 31
72 33
40 19
23 49
66 72
10 41
40 16
62 21
15 1
16 4
15 5
67 25
53 25
78 46
17 78
75 28
25 12
42 69
20 10
28 75
32 55
8 21
45 68
73 17
64 72
77 12
1 59
8 44
13 11
15 23
20 58
46 25
44 77
66 34
76 15
16 38
18 60
60 11
14 6
3 46
53 52
34 78
30 46
12 48
40 18
71 9
19 50
79 39
50 4
34 41
47 80
3 18
7 22
24 10
26 6
12 61
44 21
77 26
7 14
47 37
55 31
39 69
28 8
16 22
60 64
26 57
30 16
22 31
15 53
75 34
49 2
20 61
7 60
16 30
27 76
65 75
9 33
61 42
1 75
64 55
8 65
8 66
7 60
56 14
59 42
37 68
3 60
28 78
38 56
10 28
74 23
50 18
30 56
11 56
49 27
32 41
56 55
14 4
44 6
25 78
42 3
55 14
65 67
51 80
71 25
28 67
5 31
67 27
22 68
49 31
76 57
46 28
27 67
59 16
73 64
76 34
32 2
74 71
73 4
60 31
36 51
11 5
19 53
18 22
45 48
19 52
44 80
50 20
31 21
8 49
41 34
1 7
64 32
14 24
15 41
52 11
68 29
76 24
3 16
17 45
33 26
5 44
25 37
75 74
43 35
14 50
72 38
41 32
7 54
14 7
20 47
16 27
11 32
40 24
17 60
3 25
12 61
66 33
38 12
56 70
78 26
6 75
53 47
54 6
24 67
72 54
14 1
26 12
31 37
47 58
8 42
14 73
26 68
33 36
41 22
40 11
45 28
68 49
36 35
60 47
30 76
59 15
48 77
31 49
18 15
12 25
33 65
7 79
29 35
76 45
44 60
9 21
54 69
16 9
70 12
57 1
63 66
45 25
37 45
76 79
48 55
8 41
77 61
24 30
60 64
54 8
35 24
1 40
41 44
60 18
12 27
61 28
60 38
15 20
77 3
32 23
25 28
4 11
44 14
80 38
22 11
16 52
77 72
33 69
72 47
39 12
21 62
57 65
51 39
64 32
73 62
76 8
62 30
79 61
78 4
15 71
43 66
8 49
10 78
56 42
18 64
50 71
1 7
60 31
38 5
16 14
8 79
78 51
29 30
25 65
20 64
38 50
28 39
80 47
58 25
54 57
39 62
75 20
32 22
5 64
80 77
10 4
56 6
24 58
34 6
77 65
3 21
24 41
23 14
14 25
76 1
24 58
68 18
50 73
39 55
78 9
14 13
79 31
73 19
31 4
27 45
25 71
8 34
47 40
30 31
69 62
41 51
4 2
13 65
24 34
48 16
51 63
28 30
40 31
34 25
16 60
34 69
24 2
69 57
33 21
51 33
63 9
29 77
59 56
68 65
49 48
15 51
26 65
3 20
65 72
13 48
41 30
27 35
47 31
40 52
61 73
24 1
77 75
75 50
13 19
70 80
78 67
22 37
51 31
72 49
21 2
32 40
65 25
35 65
71 38
60 57
13 78
27 62
43 12
33 5
29 28
5 53
4 64
66 10
69 47
39 2
8 17
69 35
10 4
21 51
11 26
16 15
17 73
36 37
52 9
6 73
16 10
58 36
70 59
45 32
74 20
12 77
70 77
74 16
54 52
46 15
43 76
66 6
69 36
40 4
26 15
70 13
23 12
51 35
39 8
67 30
57 34
80 22
70 74
62 67
21 10
20 30
67 13
30 77
71 28
62 21
31 69
75 45
59 25
1 33
31 14
12 31
69 29
65 77
25 21
70 33
11 70
5 7
17 7
29 80
34 66
33 61
27 34
71 7
30 59
25 27
15 67
72 6
37 33
68 13
79 5
5 56
44 80
21 2
33 55
68 11
40 20
67 38
27 69
57 43
77 27
65 22
1 45
10 70
17 18
22 31
40 74
59 73
40 54
69 30
54 60
34 48
41 68
36 48
14 13
67 24
71 9
41 35
39 76
68 63
56 1
23 34
5 21
25 50
48 42
68 27
61 38
39 61
53 17
37 76
52 42
4 46
60 19
79 49
48 1
69 2
73 61
55 6
37 53
45 5
51 75
34 26
24 37
4 53
45 27
53 73
14 45
44 14
44 11
21 48
60 26
13 14
23 38
23 28
24 42
25 17
1 73
15 58
54 73
7 53
16 35
36 55
59 53
76 55
40 32
58 48
60 57
12 67
15 12
37 34
46 69
45 6
58 21
44 43
71 51
3 47
46 40
19 70
27 66
19 25
47 2
62 50
63 78
19 1
67 47
20 26
24 4
39 21
31 78
8 61
43 66
69 50
71 74
48 55
62 68
33 68
65 1
34 52
5 23
65 40
2 16
65 35
5 57
57 45
62 52
3 80
51 38
30 46
12 73
29 24
5 59
6 40
63 78
52 41
30 70
70 25
28 30
61 62
5 35
66 46
25 7
29 53
14 80
79 19
75 38
57 60
30 24
3 70
39 40
54 62
75 26
2 19
34 9
25 58
24 3
2 40
32 56
71 43
28 14
55 34
55 80
69 48
59 74
55 29
27 79
24 5
43 68
6 55
36 6
79 71
41 76
65 53
64 18
78 50
38 42
61 23
63 53
60 65
18 29
42 67
40 44
46 2
49 51
14 8
63 21
41 49
8 9
62 49
8 11
34 75
13 27
30 59
41 60
15 62
36 39
53 37
24 6
20 22
19 73
70 42
40 4
38 48
46 63
38 73
63 69
42 26
59 5
43 29
35 20
38 64
62 57
42 68
23 16
29 31
60 56
40 59
33 53
70 21
59 14
57 30
54 48
21 14
80 9
19 28
75 62
16 23
79 53
11 64
69 12
10 29
13 64
6 40
9 23
26 62
32 7
24 1
76 28
52 70
76 6
39 24
3 56
13 51
7 26
71 58
50 40
42 17
69 18
79 67
48 42
49 13
43 41
34 1
17 9
6 69
15 28
5 33
58 36
62 69
6 73
47 16
47 7
30 10
68 45
67 27
23 46
27 1
78 68
7 78
69 40
43 40
10 43
31 56
64 33
1 27
61 17
1 36
59 38
52 56
10 17
2 48
77 68
8 59
57 40
71 25
25 72
19 65
44 4
20 76
69 63
56 23
10 34
47 69
6 39
14 59
56 14
13 51
2 27
73 25
10 38
3 33
76 73
46 31
37 77
10 79
67 41
31 28
57 4
65 24
75 36
13 68
19 18
22 35
77 61
67 60
73 6
14 44
45 50
38 17
48 59
14 64
32 15
28 15
13 79
27 60
27 66
57 20
68 31
57 77
36 6
19 61
27 40
79 16
31 42
78 37
71 39
17 34
65 43
63 44
13 40
4 16
47 37
44 45
33 26
28 7
14 21
26 70
41 72
64 21
4 24
29 19
73 32
67 53
69 76
74 66
8 78
28 54
70 45
71 31
56 17
78 3
60 24
56 24
33 20
32 59
60 11
35 74
55 22
37 42
28 50
60 49
46 2
35 60
48 59
73 11
59 22
61 1
62 52
69 63
79 50
8 51
17 58
15 73
22 15
39 46
6 10
63 19
10 21
13 77
50 64
74 8
64 79
49 31
43 41
68 22
77 43
23 33
37 36
35 74
22 38
68 46
70 27
28 64
48 78
14 37
2 62
35 71
64 46
72 51
15 72
46 42
43 5
9 51
17 54
2 40
22 79
53 52
30 22
36 44
5 25
66 51
58 5
24 35
63 47
19 11
43 47
20 28
72 48
15 43
53 34
28 35
52 72
10 32
13 75
7 36
42 20
73 21
57 22
72 45
77 66
33 41
77 64
21 11
68 13
23 25
31 55
18 59
34 35
33 16
51 24
69 26
30 66
67 45
15 47
51 52
59 5
18 12
71 74
65 72
47 75
19 43
33 54
3 65
12 54
65 15
15 13
65 80
33 58
13 34
42 56
24 26
54 37
57 62
56 49
26 74
19 35
58 45
79 36
60 77
10 49
54 63
4 77
67 48
1 45
49 63
11 26
20 32
46 50
1 74
10 8
4 42
53 48
10 62
22 20
7 11
27 1
2 56
36 74
68 80
5 36
29 20
40 73
15 55
57 69
1 64
24 28
77 11
11 2
66 56
41 65
66 27
32 55
21 10
47 21
69 19
77 33
32 51
48 53
58 15
39 13
72 47
17 13
5 78
68 25
65 60
23 44
45 76
71 18
48 38
54 77
21 38
71 19
59 75
52 62
51 25
40 75
6 23
70 44
45 66
16 54
23 56
48 35
22 30
34 50
34 11
56 50
20 11
21 26
35 4
76 52
45 46
75 25
53 72
20 7
79 40
4 78
20 41
63 50
33 39
43 57
37 52
35 48
6 7
21 7
13 40
37 64
5 37
24 20
80 17
42 30
18 15
8 62
36 27
23 39
2 17
11 49
78 36
64 72
59 9
69 11
50 9
76 46
32 35
28 56
6 55
79 38
24 28
4 70
47 75
30 77
71 33
35 1
29 80
2 16
13 72
34 71
3 60
15 37
7 37
55 26
20 63
17 29
7 24
21 23
4 52
47 54
50 75
32 11
10 42
45 28
27 62
46 19
73 12
16 77
42 76
36 27
72 41
14 4
65 18
54 33
26 61
26 80
72 79
10 19
69 68
75 30
17 45
21 75
14 45
37 25
51 60
60 25
75 68
45 32
3 39
67 9
63 38
25 48
53 59
80 7
32 1
12 69
46 38
23 49
19 32
77 76
52 37
47 21
61 17
32 50
12 52
43 77
67 17
10 37
10 33
16 41
10 30
1 17
19 72
71 51
25 67
29 23
77 61
22 73
60 59
62 63
70 46
31 47
5 64
44 72
3 45
25 34
78 67
13 21
10 72
23 80
60 19
22 51
48 14
16 5
51 75
12 62
9 43
40 78
51 5
60 44
52 25
33 56
49 19
76 15
57 65
19 8
75 38
48 47
29 6
18 52
38 75
75 74
51 34
51 41
54 14
67 30
18 68
12 22
17 62
14 6
46 73
17 70
59 38
15 1
55 54
10 68
60 74
66 28
19 37
10 64
4 69
29 45
59 54
31 47
7 21
54 29
71 68
46 20
32 56
20 66
59 75
13 75
36 59
45 72
12 73
65 51
8 28
6 45
49 76
47 25
50 55
34 30
29 63
11 72
6 25
41 39
54 63
12 14
25 31
45 53
65 75
54 8
17 7
21 71
18 14
78 20
49 14
70 71
15 71
25 13
64 63
36 53
29 17
43 34
34 57
53 44
80 10
27 46
12 40
77 57
62 14
60 48
3 74
17 11
28 12
21 36
77 27
7 60
46 79
9 55
45 72
67 12
59 70
15 70
26 78
11 5
6 12
42 14
9 11
19 55
52 30
17 76
45 75
33 61
43 11
23 13
73 69
17 79
2 78
44 26
33 11
40 22
71 61
65 34
13 28
40 78
59 53
48 49
34 23
20 53
31 21
38 55
50 69
53 24
17 26
62 73
22 14
4 61
77 46
61 27
70 59
6 48
55 12
59 74
7 43
63 62
20 4
42 66
14 57
70 67
26 48
50 33
15 67
47 46
28 47
21 51
49 54
31 60
33 61
10 54
70 30
11 24
29 55
70 7
54 42
23 16
5 43
61 18
68 53
26 17
15 53
22 45
24 57
78 35
65 12
32 79
5 67
57 64
73 5
25 56
24 77
68 11
64 76
52 4
52 53
4 1
75 79
38 50
31 23
31 61
48 27
54 45
63 48
56 31
3 28
55 35
71 76
6 1
10 32
15 33
29 10
61 2
73 19
34 68
7 6
18 62
69 35
70 9
8 77
43 2
68 61
80 12
38 60
27 28
43 29
53 59
70 49
25 40
62 32
25 35
45 39
41 67
66 68
66 1
64 44
33 27
13 54
5 34
36 78
20 60
54 66
46 8
9 35
42 39
11 16
34 41
51 62
6 47
73 39
39 29
58 57
77 9
37 69
49 80
80 1
19 34
67 39
69 33
75 4
61 22
73 58
71 60
1 46
49 51
28 42
46 30
70 60
36 5
16 21
14 52
63 12
26 74
27 41
11 43
49 10
72 63
2 65
11 33
66 35
52 64
41 10
36 65
53 5
2 43
6 3
25 73
65 76
56 28
78 56
17 7
26 5
58 1
54 21
47 70
54 13
46 7
50 40
73 37
40 34
24 10
56 78
20 64
23 65
29 23
45 36
21 52
39 21
51 28
21 54
1 45
29 13
63 70
38 19
77 26
78 5
21 66
37 6
78 23
32 43
42 28
38 61
9 50
38 43
20 17
80 21
19 22
7 66
55 47
70 11
17 65
7 46
9 3
29 60
8 32
12 11
78 57
27 68
13 65
57 70
11 47
53 33
4 63
69 12
22 49
48 80
36 73
52 43
68 45
17 30
65 58
11 31
9 48
76 40
79 1
15 6
10 6
54 59
37 10
54 12
29 45
70 51
54 2
36 78
23 49
15 14
57 22
61 73
59 80
71 25
49 67
25 43
65 22
35 49
4 70
10 32
75 49
55 67
8 44
71 38
16 14
41 43
16 50
19 57
69 73
62 8
18 22
37 38
78 80
42 21
67 51
17 10
49 63
67 32
72 8
77 3
33 4
46 38
54 80
12 29
22 44
16 3
66 74
69 22
19 3
13 6
1 50
12 42
13 54
11 74
72 37
22 6
42 20
79 29
44 31
9 71
30 55
29 60
50 31
40 43
31 63
75 68
79 17
26 78
33 7
46 34
23 19
51 13
73 44
42 66
65 64
8 6
61 77
54 67
49 70
15 69
34 20
52 48
43 34
11 56
76 48
60 71
70 18
19 58
32 62
49 53
53 17
27 43
68 43
41 6
63 30
24 37
12 3
55 5
16 71
78 3
5 57
52 50
70 77
46 58
19 36
73 68
65 52
8 55
60 55
69 10
78 59
25 47
18 72
39 11
40 64
42 40
64 68
77 68
52 14
65 49
76 56
42 67
39 51
34 21
9 2
37 52
23 28
36 18
34 4
56 53
42 53
77 71
39 33
16 28
25 11
46 78
7 55
19 61
56 80
20 13
41 35
71 70
10 66
6 35
17 51
80 52
69 31
8 28
52 67
4 67
13 50
79 4
23 80
71 80
48 58
63 8
79 10
76 80
15 74
2 7
48 44
11 38
35 17
52 26
31 35
29 70
79 12
42 47
2 29
37 14
58 40
57 34
45 55
40 43
7 67
7 64
38 29
77 10
77 40
7 23
33 60
71 72
63 53
16 3
68 51
44 65
19 56
38 65
67 45
80 52
63 76
47 79
68 71
10 12
6 80
78 25
59 15
61 23
78 32
26 60
78 66
14 50
44 57
55 37
1 12
68 25
21 23
58 34
57 27
66 43
14 9
24 32
60 59
78 67
44 43
55 26
14 42
76 79
4 27
58 63
5 21
2 12
43 20
8 59
53 40
53 71
22 4
21 12
52 80
26 60
58 24
7 78
22 44
69 26
28 46
49 30
65 22
12 44
48 17
10 73
41 78
68 16
13 48
22 61
3 47
33 19
7 54
42 55
5 70
57 34
50 18
59 18
68 33
65 9
37 32
79 45
52 77
30 71
67 13
42 4
42 6
52 23
51 38
49 37
28 74
9 71
41 27
62 70
1 20
40 16
7 38
70 38
67 59
41 59
65 64
40 39
2 72
30 70
74 8
25 56
51 57
77 79
41 74
47 35
77 76
11 33
51 36
63 8
67 28
77 75
75 33
29 66
75 54
56 40
23 65
78 14
9 57
49 7
45 62
40 42
52 17
13 20
49 23
79 3
