100 5000
30 90
42 18
55 6
50 65
31 89
47 48
76 58
10 18
2 79
39 9
7 89
100 1
44 23
99 12
23 15
55 16
95 40
23 37
87 42
54 51
11 57
44 61
32 74
44 5
1 96
32 30
21 13
77 48
62 6
28 7
49 87
33 60
72 64
88 86
34 13
23 59
46 39
5 45
81 88
75 97
40 88
46 100
87 30
37 13
68 43
9 32
48 28
100 14
28 67
73 26
74 14
4 33
18 71
87 99
90 57
18 88
67 89
39 21
45 82
74 84
94 10
7 71
91 27
67 2
42 19
31 40
58 69
1 18
71 73
76 56
91 39
5 26
98 25
5 60
47 89
59 22
52 20
88 89
51 5
42 80
43 15
13 12
63 90
2 81
71 18
14 66
25 8
16 61
33 63
19 13
46 65
89 22
3 60
90 61
74 73
82 81
37 32
31 10
36 30
8 54
8 9
20 71
67 28
76 31
25 28
29 20
85 80
87 80
54 2
81 3
82 28
54 51
91 71
41 55
29 68
6 81
65 6
83 78
41 5
56 55
33 87
43 90
32 9
9 81
85 14
75 27
18 44
50 36
73 5
43 34
30 8
80 99
34 1
37 68
95 97
48 65
45 4
82 98
95 48
59 16
64 72
70 61
99 35
94 36
59 69
86 31
83 14
94 19
24 39
96 92
45 31
80 41
62 99
65 96
54 2
65 33
48 97
89 6
79 88
26 65
14 28
29 10
65 47
97 73
61 43
79 57
16 59
69 88
35 36
56 29
82 69
64 80
60 20
56 37
8 83
43 81
61 36
25 36
59 6
27 13
3 33
71 90
35 53
62 37
12 40
95 83
34 63
3 33
28 94
32 22
5 93
44 31
28 67
96 64
65 23
67 8
29 54
42 36
26 50
47 84
85 42
47 12
63 52
58 85
88 61
11 54
59 9
18 96
59 16
80 94
43 42
30 1
88 56
58 85
62 37
48 98
71 18
27 40
87 42
42 87
9 59
7 16
88 3
7 78
79 27
80 82
70 24
17 36
35 13
26 40
6 17
12 89
27 9
4 39
17 43
42 3
96 48
58 43
1 11
99 69
16 5
1 63
69 89
42 84
23 45
14 21
52 79
91 57
96 61
5 2
65 66
55 81
44 2
8 73
43 6
15 89
37 62
48 70
17 69
61 6
43 60
10 71
34 95
73 24
12 11
42 67
86 35
4 66
57 59
47 74
85 15
48 51
50 17
4 14
30 19
12 73
92 30
82 47
16 98
39 21
89 83
44 30
70 86
34 40
2 89
53 9
52 83
88 67
75 62
31 89
6 43
84 67
29 42
51 73
43 67
98 89
26 65
2 20
87 39
52 73
91 38
52 23
34 9
53 30
92 54
39 73
43 57
68 47
31 36
36 14
62 73
97 87
80 54
100 36
76 38
10 29
4 74
43 34
98 35
58 23
52 49
24 58
8 54
92 76
2 96
33 23
96 94
98 53
22 86
81 8
28 46
26 67
43 20
73 59
40 66
51 72
28 18
26 73
1 98
46 83
55 13
16 30
28 69
15 22
21 39
38 52
7 22
60 19
34 16
44 52
73 27
74 50
29 93
11 22
85 21
100 92
49 72
48 40
96 21
10 98
80 54
24 70
93 16
42 85
74 46
76 34
87 11
64 70
78 47
17 41
78 2
91 15
87 2
40 56
24 92
16 56
79 71
86 7
9 8
94 27
92 64
49 5
86 49
7 23
47 3
36 74
25 68
9 1
76 66
72 17
67 32
10 46
56 6
96 71
64 4
51 86
64 43
76 33
37 18
52 66
17 67
29 99
28 68
32 11
1 98
13 4
82 34
50 59
39 7
75 40
83 85
19 59
17 52
47 71
32 70
70 6
64 73
59 15
47 6
94 48
89 49
5 97
97 54
1 67
61 82
59 43
74 52
16 42
86 12
73 60
16 95
60 85
51 33
85 81
91 10
69 46
74 50
7 77
28 13
57 49
12 39
75 4
93 37
93 32
11 66
17 94
63 43
98 30
98 64
79 74
30 56
97 31
75 37
4 43
88 70
70 41
48 27
64 95
29 25
15 39
76 95
4 23
95 53
1 14
17 41
6 32
86 97
92 58
77 11
69 55
36 5
54 96
87 93
100 25
53 98
80 69
77 57
28 27
79 46
35 83
37 100
40 81
42 92
48 43
10 18
59 94
80 11
43 89
23 29
73 17
5 62
58 10
63 50
16 36
11 60
50 67
81 85
91 68
31 1
32 74
68 60
21 42
97 54
24 27
51 8
98 39
26 13
56 16
49 73
48 8
96 25
61 53
45 53
50 66
91 17
80 60
62 92
67 41
49 32
90 17
55 29
11 25
19 97
72 66
64 82
97 12
69 58
49 67
2 57
40 98
61 80
25 95
62 7
38 45
23 92
3 44
97 47
60 76
25 20
98 42
1 79
42 77
65 16
86 3
2 75
61 46
49 62
3 24
89 30
31 11
53 34
44 37
75 64
1 45
64 49
57 32
90 41
15 57
81 69
23 45
6 48
11 64
22 14
74 18
88 44
45 36
39 6
41 8
5 39
94 44
51 17
72 76
43 94
9 63
13 44
16 38
62 54
76 53
36 29
49 36
35 64
62 31
49 48
98 94
32 28
88 34
79 11
47 50
40 61
38 35
45 6
62 99
54 47
69 62
9 3
59 38
48 80
4 1
64 14
42 60
62 26
75 67
7 79
54 62
20 85
38 5
63 66
47 37
12 72
75 81
84 45
2 82
91 79
15 47
25 16
9 26
12 96
86 33
38 17
32 46
11 62
63 39
92 1
52 39
31 19
49 51
28 37
10 53
33 1
38 80
11 9
72 55
39 92
23 26
50 15
50 84
41 93
84 19
86 19
89 62
17 9
75 62
73 11
99 82
80 77
5 92
62 44
20 21
67 80
35 50
9 80
28 6
1 38
77 79
51 48
40 9
74 80
41 87
27 77
31 35
37 13
20 57
19 90
45 55
56 17
91 43
31 90
3 77
99 42
55 97
97 52
39 46
60 80
76 79
74 40
57 33
79 68
51 5
20 86
68 69
44 43
34 15
10 11
93 21
74 37
54 14
91 55
11 59
26 7
1 70
69 62
5 83
66 37
87 50
71 88
62 98
69 85
17 34
10 83
15 42
5 44
77 26
42 97
71 83
44 94
2 48
57 59
41 7
57 25
75 78
19 91
75 38
26 14
53 59
74 9
86 26
13 97
7 93
70 58
94 62
65 32
28 65
13 59
10 18
68 51
80 27
19 93
17 76
12 32
4 50
58 65
68 27
32 80
26 66
6 61
78 56
63 31
46 91
49 88
58 14
16 71
97 51
31 93
54 4
10 29
56 80
98 48
51 31
20 1
41 65
7 34
66 91
44 100
17 56
47 45
40 90
26 22
92 35
45 71
64 11
23 57
47 37
56 21
72 62
23 53
34 13
11 1
70 35
66 2
1 34
44 15
15 26
41 40
43 68
2 5
73 2
92 60
30 9
77 3
36 22
68 31
23 65
33 4
17 84
47 90
94 54
9 66
9 29
58 74
2 67
76 5
2 74
61 65
10 12
89 91
15 72
9 79
76 3
76 13
43 39
76 17
32 12
33 87
31 38
35 47
45 12
27 83
6 4
98 41
6 89
74 5
39 4
91 97
69 67
91 19
50 5
2 25
66 84
61 69
8 71
84 44
30 39
28 93
55 78
58 4
99 94
100 26
36 57
46 2
70 89
82 1
11 16
49 54
52 40
3 83
82 80
51 97
42 21
69 12
25 15
58 53
52 69
64 71
2 32
23 75
17 28
69 15
85 9
39 66
81 92
26 38
72 36
11 34
69 78
43 50
39 85
39 1
2 14
81 34
76 69
33 14
37 38
53 8
91 9
50 37
19 66
97 9
70 54
75 52
37 44
69 89
26 73
100 75
76 29
74 3
42 24
43 7
53 38
93 58
42 39
93 70
13 67
56 33
17 94
83 60
13 78
83 91
100 84
85 87
26 39
39 62
53 29
41 63
57 56
25 3
29 23
40 85
95 46
95 83
47 77
27 87
97 73
69 63
91 41
67 57
88 79
16 88
12 17
48 89
41 12
34 11
63 81
48 31
21 15
15 44
98 18
8 16
30 6
36 53
18 21
28 50
71 17
82 60
47 87
95 93
22 43
51 20
87 21
28 95
48 30
27 35
78 45
17 56
94 86
95 70
13 86
50 77
26 41
4 38
6 7
74 88
43 76
8 48
66 48
12 29
63 59
47 52
77 62
94 65
95 32
54 89
85 46
12 90
13 96
78 18
74 34
77 60
92 55
33 14
54 21
100 5
94 27
87 24
77 42
15 21
29 33
17 26
53 28
31 45
36 33
25 73
66 42
12 59
25 89
67 94
6 16
93 27
2 45
72 22
25 59
5 7
66 3
73 5
17 5
26 99
20 88
92 22
10 97
32 48
79 52
80 56
22 10
13 100
14 1
69 38
13 79
79 71
12 16
57 31
5 95
88 51
15 73
67 29
86 58
36 76
61 6
46 9
14 69
71 95
73 80
94 92
41 34
42 63
81 23
74 68
24 93
72 61
78 74
19 98
92 29
11 42
21 100
55 63
96 24
74 85
63 8
18 14
15 63
60 48
33 57
70 91
23 93
92 63
13 38
4 99
29 45
54 13
35 53
60 84
33 84
90 96
57 95
3 5
6 90
43 44
46 9
11 25
27 28
24 71
17 48
73 23
6 83
96 66
50 37
53 22
11 61
71 73
6 92
53 22
45 23
34 50
35 76
49 100
87 53
5 17
9 40
2 93
87 32
39 28
29 90
79 55
77 49
60 24
33 43
70 25
100 50
93 70
40 21
74 38
87 16
70 46
53 78
72 58
64 19
22 62
76 22
24 62
48 24
29 82
79 57
60 43
55 100
20 44
90 4
4 66
95 9
76 17
46 55
22 76
61 39
66 29
72 76
54 23
82 24
3 70
61 97
62 15
47 64
87 37
3 1
2 92
80 97
17 42
94 30
64 13
99 23
93 87
44 45
88 54
61 79
100 12
32 95
80 21
59 23
27 63
41 69
97 53
49 11
59 53
95 35
86 69
53 60
37 55
36 68
91 36
52 68
90 29
87 7
7 5
27 23
31 25
67 38
7 72
14 55
57 27
33 19
85 18
19 76
49 45
68 61
81 24
95 7
60 8
23 38
61 39
27 50
11 40
42 14
30 25
68 33
36 67
38 88
48 94
74 82
6 37
53 4
8 38
31 33
47 13
38 90
44 64
76 63
84 69
4 97
41 20
93 94
26 69
96 4
55 99
53 74
78 12
33 13
8 39
75 44
54 12
42 9
96 87
85 90
9 13
63 89
32 94
7 53
97 17
70 42
70 40
36 76
35 85
58 37
47 18
35 62
5 73
86 15
31 9
34 48
54 19
19 16
48 14
98 58
4 32
16 79
10 14
43 77
24 100
24 59
51 34
55 43
56 61
99 54
39 8
15 84
43 92
58 89
36 64
56 21
67 1
58 85
86 83
83 16
74 18
5 71
51 66
40 85
75 55
51 16
83 6
45 10
1 42
86 89
84 96
35 7
67 92
9 70
30 6
62 53
71 17
43 18
75 83
61 74
75 3
76 28
19 38
75 26
42 23
46 82
24 47
18 83
43 17
12 13
86 91
14 48
41 87
81 34
87 43
66 61
19 14
33 94
68 52
89 97
36 30
78 50
97 4
49 37
63 13
67 43
55 30
71 54
64 71
55 5
88 85
67 38
19 15
35 95
92 25
95 21
87 91
34 52
9 79
64 1
95 23
47 74
76 100
7 22
2 82
97 61
41 78
28 34
28 5
69 15
18 68
49 71
71 12
42 36
44 40
72 71
71 84
13 44
92 96
53 67
93 94
14 40
26 63
28 11
58 6
99 41
57 18
8 13
84 7
68 92
92 80
89 53
83 16
66 10
37 53
99 82
96 100
87 28
44 35
1 70
40 30
56 48
40 69
95 57
81 16
89 5
88 52
26 90
39 7
20 90
78 3
91 27
43 56
77 27
35 57
2 44
43 31
62 65
47 95
22 55
66 7
67 22
61 17
43 81
83 47
26 9
8 24
30 26
75 6
59 80
37 54
100 4
29 35
44 61
79 19
98 36
53 44
77 9
97 42
32 58
48 22
1 39
70 28
50 22
37 100
88 89
38 66
60 13
66 67
47 57
38 83
42 60
27 97
58 22
3 65
53 63
54 33
55 9
46 52
66 21
76 50
59 42
16 99
11 97
97 15
83 78
62 92
84 14
98 15
35 47
53 23
74 79
85 54
6 57
42 78
51 94
2 26
67 1
14 70
18 28
83 50
3 5
10 7
58 42
17 44
9 37
7 19
92 12
76 98
72 50
10 18
67 9
73 96
86 50
68 39
66 65
58 51
36 34
98 56
73 40
96 16
11 25
74 57
85 56
15 40
3 45
68 35
100 20
14 54
55 54
54 100
90 66
69 9
3 76
56 1
55 85
92 80
52 97
95 2
86 72
54 49
84 74
9 10
20 47
22 8
58 47
14 1
85 55
6 75
60 34
91 63
27 25
27 1
52 16
82 67
90 55
49 18
17 1
86 72
8 4
86 16
93 43
94 60
33 15
23 98
81 31
31 12
82 43
49 77
91 13
84 25
42 83
13 81
98 95
32 8
27 79
47 51
53 89
79 18
53 52
5 24
51 41
58 44
75 60
16 34
50 60
31 18
10 98
4 90
92 62
86 11
52 33
40 56
84 57
28 26
69 52
11 53
1 42
6 1
27 82
71 78
66 33
10 14
10 99
48 69
2 56
72 84
48 24
89 23
36 88
53 56
41 35
9 87
39 57
38 81
11 19
6 76
94 9
53 95
79 23
33 35
48 64
82 74
9 90
82 16
32 45
94 85
62 43
27 36
97 10
7 3
88 14
17 1
35 55
93 55
76 80
49 7
66 19
1 20
34 39
12 59
85 56
76 84
51 58
94 99
8 90
95 88
49 56
57 71
99 75
24 8
73 76
38 1
9 96
7 83
11 81
2 73
62 45
2 29
80 31
73 40
70 4
40 98
99 67
41 60
76 41
60 1
70 66
71 41
44 75
58 1
36 34
8 61
79 72
88 100
30 54
8 4
61 88
98 15
32 81
9 63
1 2
48 75
44 63
56 16
59 28
82 69
82 5
62 39
44 2
94 74
100 44
59 46
69 62
27 58
86 97
18 73
11 69
33 24
94 17
62 65
2 83
29 23
12 58
85 72
21 6
65 37
62 76
59 10
20 23
41 19
72 35
54 88
80 46
38 87
52 58
71 48
14 77
93 35
70 81
31 78
3 64
4 51
44 86
27 20
88 66
58 23
66 92
67 42
62 73
55 84
26 78
85 18
62 1
21 42
77 7
50 71
29 93
95 20
34 70
63 69
96 7
69 5
85 19
5 54
56 47
44 51
77 11
68 17
70 51
61 35
27 39
14 87
19 72
34 62
9 52
87 63
88 46
51 17
20 44
46 33
26 87
45 61
56 75
34 87
11 71
42 66
34 73
1 48
26 49
38 99
12 5
44 1
65 51
22 75
87 67
76 53
53 77
83 49
51 29
85 83
59 10
7 24
85 22
69 68
4 52
74 30
83 88
37 44
82 91
41 96
10 93
34 12
32 21
85 63
26 33
80 26
28 31
60 27
49 25
29 70
71 33
34 67
19 14
86 21
27 37
8 31
26 81
48 65
87 20
54 55
39 46
5 62
17 29
28 70
34 2
63 33
50 95
55 41
60 13
72 38
43 16
41 51
66 17
22 73
50 58
90 28
75 89
15 84
83 86
24 1
86 53
74 87
15 80
75 63
29 43
89 100
75 27
9 67
49 34
18 12
76 39
74 27
55 51
4 87
52 8
77 14
23 29
74 15
59 4
51 87
63 32
95 45
11 41
54 82
72 62
26 81
47 26
26 56
75 90
70 49
22 73
57 30
56 32
58 94
41 47
35 65
81 50
45 56
95 72
14 87
7 88
6 53
99 27
99 15
39 76
92 9
61 36
30 84
93 70
46 3
10 11
44 2
24 27
91 25
59 55
39 22
55 25
50 3
10 99
64 61
39 68
91 76
91 93
55 84
27 73
94 22
31 58
77 53
82 26
26 81
96 19
36 23
58 15
27 71
98 61
61 33
68 22
25 1
26 32
60 15
25 15
11 55
61 79
90 98
53 11
13 35
65 45
89 35
42 64
4 5
46 9
86 71
13 86
4 8
9 38
65 27
75 27
20 66
63 2
36 37
88 3
76 3
18 6
75 89
82 79
33 30
54 27
44 59
50 17
39 89
52 22
75 22
81 29
69 40
66 48
50 62
84 73
31 49
88 61
77 73
39 84
10 69
43 40
94 86
88 62
91 52
92 72
37 84
100 13
99 88
8 64
56 6
7 37
35 18
97 79
75 23
68 92
96 62
35 3
92 99
6 37
54 22
12 89
78 20
96 58
63 94
90 24
39 91
74 89
35 98
49 4
52 70
69 5
96 84
52 2
94 10
72 23
53 1
38 93
58 83
46 38
60 24
27 11
18 58
61 52
44 2
30 46
91 79
6 15
73 99
26 50
87 32
52 80
52 49
65 68
81 30
30 32
27 79
88 94
43 77
32 8
51 67
35 48
34 99
19 37
56 43
12 52
55 92
17 80
20 6
31 11
77 9
10 48
16 3
71 34
38 63
86 87
57 69
100 89
97 81
75 61
51 68
76 23
41 5
66 27
8 14
18 98
85 32
29 59
45 87
36 86
61 63
45 24
7 16
51 77
3 39
38 1
10 71
24 20
90 25
90 78
36 24
41 39
1 37
29 64
70 52
21 56
100 26
4 80
65 57
38 68
97 59
82 88
57 3
42 15
48 75
37 75
25 24
72 91
98 85
85 52
4 44
74 73
92 91
48 90
63 4
82 45
79 18
93 68
37 34
79 53
9 59
77 54
1 6
55 21
38 75
89 97
33 58
20 51
12 26
36 91
98 46
53 68
54 71
10 55
9 87
33 64
23 85
45 16
98 59
51 97
47 31
29 81
75 94
94 76
95 28
37 93
89 26
33 1
97 14
66 72
85 27
87 98
17 70
62 39
59 14
95 92
44 65
65 64
73 89
36 7
52 48
69 30
84 40
93 25
44 19
19 24
9 56
29 46
59 73
51 33
12 79
79 77
14 21
86 4
68 26
46 64
84 70
90 25
100 4
45 59
100 79
79 45
25 36
51 17
78 2
95 94
18 87
52 72
3 12
63 95
90 57
56 100
45 54
67 23
7 63
62 3
84 21
81 17
42 55
2 90
49 54
49 100
68 21
64 17
1 65
92 16
37 2
3 2
86 21
56 86
71 16
75 5
88 65
30 91
47 71
17 29
44 39
22 57
38 1
25 64
11 21
78 63
44 42
94 22
75 82
82 4
92 87
24 94
100 44
77 34
72 94
15 63
36 20
96 47
83 78
93 62
83 65
28 99
93 88
24 5
76 24
32 92
37 25
20 28
53 47
26 23
23 73
75 18
94 53
3 55
24 22
48 42
37 1
39 59
98 26
6 82
65 44
43 98
81 27
52 63
60 50
15 39
86 6
20 76
94 70
26 60
15 60
68 99
23 82
41 80
16 90
80 63
94 86
25 93
18 100
6 3
54 91
94 9
46 26
9 15
8 13
74 28
70 75
35 90
93 25
66 71
31 6
15 58
55 3
83 40
53 28
4 43
95 41
79 10
57 22
36 22
2 12
17 7
85 26
68 41
25 4
72 47
29 15
92 76
17 51
33 17
3 80
55 65
35 61
3 49
44 52
84 36
84 29
77 55
76 46
56 46
66 29
83 54
56 66
94 29
100 29
10 41
47 22
60 16
68 78
15 61
87 71
91 28
69 78
3 45
5 13
10 9
42 54
52 48
96 100
11 49
12 23
54 38
28 43
49 97
69 98
71 44
35 45
74 65
53 4
31 63
2 99
11 35
57 89
31 84
74 57
94 88
23 80
66 4
6 16
30 12
90 21
64 22
13 37
57 51
58 6
44 83
33 16
53 18
3 82
33 96
77 22
61 53
31 99
71 90
100 48
10 16
32 72
77 59
58 1
86 80
9 29
78 70
8 46
23 62
3 82
77 8
28 63
98 88
3 36
73 61
94 79
26 21
9 85
4 99
47 25
63 40
67 61
60 55
84 47
68 29
86 38
60 21
3 6
74 69
75 84
35 71
8 35
87 29
78 64
36 30
16 31
35 38
33 84
38 62
16 27
24 66
97 48
53 65
30 8
94 40
51 37
45 8
86 34
31 95
44 13
13 35
9 92
44 31
24 4
96 31
37 57
21 25
69 16
1 23
65 67
47 18
20 49
47 94
84 27
64 71
9 17
49 6
67 15
89 66
94 11
59 79
81 37
82 46
25 55
85 3
37 69
80 74
12 95
34 75
47 27
30 34
67 54
18 63
89 60
30 47
37 77
94 57
18 56
91 90
80 44
62 25
41 49
46 84
65 24
57 66
86 97
19 2
73 18
83 34
55 59
56 78
4 24
81 65
35 81
5 68
33 75
43 86
57 24
91 52
27 70
32 11
70 69
25 65
11 5
56 40
69 28
41 83
20 2
92 3
1 56
43 68
97 44
65 81
58 76
89 31
96 3
92 50
69 63
87 55
26 81
77 56
60 88
83 67
32 26
83 92
71 53
97 22
78 36
90 6
63 79
87 72
82 14
75 40
89 31
77 62
13 60
63 38
3 82
10 17
79 100
31 51
84 85
39 79
39 49
80 53
72 48
46 87
83 100
29 62
47 24
16 25
37 95
34 90
60 18
24 73
63 32
55 59
82 9
32 18
30 35
97 56
72 80
98 28
75 94
45 83
98 96
95 92
55 94
97 25
19 56
92 40
75 19
9 31
36 59
9 24
49 31
50 45
91 52
69 46
36 22
86 30
17 34
91 73
54 3
1 2
78 57
100 57
52 69
19 74
11 81
15 5
72 77
38 58
7 82
88 61
43 24
92 34
39 25
93 86
60 33
9 84
33 76
29 32
83 94
7 15
37 91
78 77
38 80
74 82
94 80
93 78
32 43
83 97
35 75
13 58
93 29
91 70
14 26
50 80
14 43
39 37
5 52
32 12
41 33
86 45
2 41
69 57
35 98
35 71
43 87
9 77
16 97
16 9
83 67
65 54
62 61
74 12
40 81
23 59
17 81
65 28
96 95
42 77
27 65
72 14
2 45
30 67
32 6
30 80
93 13
81 37
78 90
68 13
24 68
53 99
81 24
77 13
97 90
12 8
67 87
88 27
94 9
6 3
69 62
3 32
2 78
61 78
6 92
7 45
88 21
4 27
22 25
81 28
91 48
14 97
20 38
61 78
42 96
55 57
5 57
70 74
88 53
37 94
91 61
19 39
44 21
44 28
78 41
41 50
33 85
61 76
20 92
51 95
2 41
85 46
22 57
40 47
75 78
69 8
8 92
34 40
80 67
83 92
59 30
42 90
44 63
63 97
61 41
84 70
31 12
90 5
47 100
79 62
37 10
98 53
97 42
18 26
61 63
19 38
16 54
11 84
91 12
70 20
58 39
46 92
19 9
40 18
20 21
29 79
88 48
55 67
50 81
6 35
30 81
27 98
94 64
96 60
1 23
57 78
56 68
8 20
28 40
10 73
30 4
77 47
35 80
52 40
32 15
54 86
59 78
67 28
39 89
81 99
89 96
36 34
74 47
75 90
49 6
85 7
19 30
16 37
38 14
37 55
49 39
22 48
52 45
11 73
81 28
2 32
40 63
52 4
95 36
49 27
15 14
99 86
61 6
36 65
66 95
27 97
68 38
95 31
98 54
12 52
27 92
88 19
4 73
60 65
6 88
48 78
73 80
50 60
27 60
92 31
54 70
41 32
94 30
8 5
4 57
61 53
74 80
10 77
80 9
88 83
52 13
95 91
3 37
1 69
78 8
84 16
26 15
79 82
92 89
13 29
46 99
22 68
52 9
68 20
92 83
40 4
15 89
10 6
89 88
33 3
21 27
72 87
98 54
86 42
11 70
63 12
60 79
40 38
7 13
39 74
16 3
32 59
54 67
42 79
95 93
4 56
68 31
1 8
54 12
72 88
82 45
8 48
99 13
14 38
66 3
34 18
17 10
13 77
25 32
62 23
54 80
72 47
71 6
86 99
11 67
47 89
58 67
42 39
85 81
96 60
78 43
53 69
10 51
82 17
24 39
54 57
53 1
76 20
78 80
39 40
40 17
30 8
73 55
92 36
24 16
18 96
45 61
28 82
55 10
48 66
12 52
74 41
4 93
13 20
46 31
44 60
41 26
46 17
81 41
39 52
28 57
52 3
97 50
99 52
76 36
5 7
96 43
91 56
76 87
89 29
78 65
34 18
63 28
29 36
5 57
90 13
39 100
47 64
89 49
35 98
58 71
11 69
88 36
23 60
63 59
22 41
38 97
88 63
29 17
97 62
9 64
56 69
35 61
82 51
2 98
43 21
8 45
53 54
33 68
25 75
47 82
51 64
27 75
70 1
79 100
62 98
78 89
84 75
87 81
49 56
90 57
19 11
18 54
55 13
41 22
82 53
75 91
88 80
32 100
16 62
57 41
82 4
83 48
47 12
16 23
85 56
71 15
64 39
92 28
78 62
58 90
27 8
52 38
94 91
61 11
63 45
100 81
95 96
96 53
67 78
8 55
24 62
92 59
17 69
23 57
37 65
39 65
85 46
5 67
64 60
34 56
78 14
78 87
52 55
81 93
1 5
20 62
58 33
82 81
78 100
80 27
73 13
59 74
6 98
38 7
23 19
37 90
49 43
69 55
75 31
83 54
94 18
65 36
63 49
75 80
77 53
67 23
98 8
30 40
91 60
72 37
13 60
20 36
13 93
42 2
44 15
47 84
23 89
29 69
1 12
96 41
32 48
66 17
92 38
32 93
52 8
83 93
7 72
92 52
40 34
40 80
90 9
4 87
77 46
26 100
91 81
74 60
32 2
22 90
19 77
71 7
50 6
62 51
97 62
8 26
100 13
26 79
73 90
9 53
7 65
75 69
54 28
20 65
96 46
70 60
9 11
58 36
24 11
57 11
60 83
96 10
60 58
68 93
59 92
6 33
33 95
16 76
16 42
50 33
35 85
100 79
17 56
10 22
64 41
91 53
24 61
68 61
94 49
2 66
84 83
87 15
34 90
7 61
41 95
12 88
71 49
11 41
61 25
17 59
92 42
78 66
77 10
29 63
93 88
13 9
29 12
66 5
51 18
38 47
20 79
73 7
76 66
14 5
45 69
3 78
4 17
41 93
18 70
38 26
44 90
3 11
49 61
45 84
10 19
7 2
38 80
5 54
17 92
21 35
62 67
96 38
96 86
27 91
63 24
15 47
64 10
62 64
68 12
31 68
61 66
82 58
7 27
26 92
5 25
29 79
17 39
28 6
16 62
20 59
60 69
2 4
92 80
84 83
47 85
6 87
81 94
22 65
49 53
8 4
69 72
38 1
5 65
53 52
44 99
46 29
61 3
22 59
72 41
27 17
51 96
17 12
5 73
65 62
86 56
6 14
81 74
91 70
17 85
86 100
44 4
44 97
11 12
38 29
88 67
22 5
23 5
16 51
42 98
69 74
100 2
84 75
69 22
60 5
53 56
47 86
13 10
6 60
89 71
18 69
33 68
89 23
15 29
99 97
18 2
34 91
22 63
14 22
74 63
57 66
45 1
64 79
18 86
48 17
31 68
79 67
82 31
56 43
11 7
98 44
43 59
22 27
9 65
56 99
79 84
75 78
97 12
82 65
43 13
63 100
6 40
35 11
51 65
28 82
40 35
74 22
4 91
19 46
43 30
55 79
68 74
60 44
66 81
40 82
68 18
18 73
41 58
36 74
100 80
72 7
84 69
90 34
58 62
92 34
22 41
2 76
34 59
38 64
11 20
2 58
69 9
69 5
88 62
93 95
85 14
20 66
46 34
6 53
51 86
17 74
14 64
83 62
97 2
80 26
80 67
87 55
12 14
91 24
7 2
23 54
13 19
83 77
19 81
73 33
35 10
65 45
29 31
93 55
11 94
23 27
25 15
12 66
79 21
60 15
37 81
53 23
48 70
12 72
59 89
4 61
80 15
53 51
95 35
66 1
23 24
97 1
79 57
60 13
18 4
66 31
84 81
2 65
94 93
64 53
1 45
70 46
44 91
29 66
54 88
93 94
93 69
41 81
6 57
12 53
46 41
29 8
30 36
79 97
80 83
22 29
36 78
65 34
28 93
73 11
53 36
5 17
28 72
32 96
73 40
4 16
47 44
7 69
97 65
5 51
19 51
35 90
23 98
95 52
25 61
34 82
15 6
4 43
14 1
60 28
8 44
65 69
71 42
90 99
72 44
35 28
1 33
49 6
30 72
26 40
78 56
35 95
31 3
32 78
25 52
19 39
99 15
42 68
56 81
57 15
59 74
96 23
68 89
51 40
97 52
37 26
70 29
60 63
6 82
32 44
44 65
15 5
62 13
87 46
41 71
100 78
43 82
35 8
19 60
77 29
93 90
52 87
72 76
25 45
98 11
76 13
67 29
44 64
94 44
12 10
6 56
95 99
87 32
9 51
3 5
80 27
73 67
44 42
13 66
54 93
62 30
53 35
78 51
4 38
38 46
50 60
48 42
91 87
19 56
8 17
18 44
30 56
5 50
3 43
75 17
64 4
30 75
42 88
42 75
61 2
34 70
96 68
86 3
95 64
43 39
59 21
26 57
49 51
65 59
23 75
81 95
82 24
50 67
47 63
62 46
98 92
71 64
10 39
56 14
67 16
34 7
86 9
5 77
34 74
55 48
69 67
95 61
72 4
2 23
12 89
39 89
8 31
42 16
3 42
76 39
61 39
46 91
12 24
75 52
52 76
93 34
87 93
60 41
38 96
55 54
53 96
92 60
67 30
96 7
60 34
1 72
33 14
31 27
16 98
16 100
61 2
44 27
78 32
13 92
20 53
99 15
31 65
26 69
70 12
23 29
29 69
75 40
45 51
64 33
92 10
29 14
30 87
15 70
73 10
31 20
82 33
28 78
41 24
47 100
85 99
2 41
6 22
100 6
37 94
81 14
96 77
67 30
59 69
10 39
100 62
96 7
52 72
94 16
88 69
69 21
40 45
13 19
79 5
74 98
94 87
2 45
64 37
17 9
41 98
33 66
36 76
22 85
3 72
15 32
86 13
7 33
56 57
13 28
37 58
24 76
50 43
72 2
25 64
83 98
18 66
21 32
43 88
96 100
57 87
49 30
17 43
13 47
48 7
61 43
79 74
11 17
43 13
38 61
78 34
49 37
36 7
17 32
16 35
91 2
48 36
91 23
80 15
100 12
60 28
5 92
21 20
33 19
25 33
72 3
35 65
60 3
91 63
49 50
48 20
5 94
84 51
17 90
8 98
94 50
88 75
85 59
88 8
92 41
14 95
30 71
33 71
51 82
29 57
49 75
88 31
64 84
67 49
51 31
71 63
49 23
53 60
26 65
66 58
95 36
40 56
93 97
71 54
98 28
88 93
94 37
33 25
59 8
98 18
55 70
49 30
78 51
90 84
1 27
70 66
42 94
12 25
41 85
41 92
3 71
83 14
82 24
95 11
47 30
65 55
59 83
44 71
43 5
87 58
64 46
42 97
68 16
43 36
79 65
49 59
18 72
100 13
71 30
43 100
8 10
24 75
96 83
61 69
97 95
64 43
38 23
98 87
46 21
41 8
85 67
70 55
53 63
25 91
83 99
20 5
64 81
20 92
24 97
26 55
38 93
71 86
90 24
57 9
26 96
32 9
41 58
94 48
91 66
31 37
67 5
93 26
91 13
85 68
36 1
24 43
96 46
51 44
50 78
12 52
21 9
7 76
57 47
62 19
9 84
61 18
63 25
34 17
23 56
2 79
53 19
14 85
98 77
3 35
51 23
59 35
77 65
70 17
78 43
6 57
75 89
23 93
44 55
91 90
100 21
11 51
13 67
17 26
92 67
8 1
51 22
43 59
90 67
94 33
67 44
58 89
17 79
54 94
77 99
25 77
88 32
37 14
82 2
43 93
7 10
69 66
64 16
90 65
46 27
97 31
64 36
75 79
96 16
88 93
10 9
71 43
53 61
55 63
48 39
10 63
18 48
1 60
94 3
6 54
75 41
25 23
49 3
16 36
11 15
20 3
59 78
37 95
14 32
33 66
13 14
9 74
5 56
71 69
23 33
94 97
84 34
30 73
43 7
9 54
98 84
15 95
73 9
75 29
75 26
87 32
79 84
45 92
84 94
8 48
65 57
87 95
22 89
34 2
5 30
99 47
98 83
50 41
75 54
72 62
22 23
5 28
92 24
55 95
87 92
12 6
99 90
83 85
11 19
41 62
29 77
10 94
53 46
52 65
70 80
45 53
95 6
56 66
35 34
28 61
1 76
48 20
85 37
8 98
53 58
59 88
65 25
42 88
100 67
72 42
68 69
68 18
2 6
44 55
47 39
22 7
80 3
78 20
43 59
45 85
32 71
13 39
89 51
74 41
2 71
87 69
6 16
87 80
64 41
89 34
67 82
48 55
31 52
83 51
62 11
74 47
71 59
15 77
26 36
3 12
45 61
34 22
85 13
87 77
43 37
69 35
84 24
27 37
78 3
33 3
68 77
44 95
66 45
14 62
86 18
16 98
48 78
22 14
63 76
39 56
15 36
86 34
57 59
26 62
49 97
83 86
15 81
22 89
21 49
49 52
35 11
81 94
44 41
86 80
62 81
7 45
82 86
99 67
26 17
37 45
53 81
13 43
94 8
8 21
93 79
48 53
60 74
26 12
52 54
71 64
18 49
55 73
10 69
97 91
47 90
40 66
88 51
35 95
17 45
55 100
73 84
100 96
6 8
92 68
91 13
23 43
93 71
12 79
46 23
98 13
33 92
44 89
57 35
50 56
5 92
62 37
33 67
40 61
99 19
57 18
20 78
44 63
29 43
57 67
34 51
100 14
30 53
80 19
49 54
73 40
33 25
97 12
9 20
24 40
29 9
35 71
88 26
45 18
65 82
42 61
6 97
86 24
36 56
52 71
5 31
8 82
13 81
68 25
78 35
8 74
39 74
54 10
41 32
70 36
73 7
39 53
31 62
5 1
99 70
5 25
60 43
61 51
95 61
83 61
8 42
10 12
4 23
6 24
92 79
21 26
81 40
32 73
15 48
9 1
57 81
31 43
71 69
10 15
43 39
68 1
41 24
36 49
71 3
67 95
6 33
54 35
22 93
13 42
90 41
40 15
38 36
89 87
39 86
71 93
83 31
85 27
94 80
75 40
42 12
92 99
28 53
95 10
73 12
19 45
67 55
19 16
66 93
24 1
64 30
63 97
95 83
39 29
37 28
22 18
94 27
60 20
27 90
1 99
37 95
94 45
77 48
16 21
48 35
93 5
68 10
17 78
77 68
98 48
17 98
88 24
45 52
90 60
58 30
59 58
48 91
6 34
14 61
86 3
9 66
63 42
24 93
39 83
47 31
93 59
78 63
40 22
32 15
68 8
17 88
32 69
21 13
76 32
4 28
14 100
56 81
57 34
85 54
57 49
25 90
97 14
49 97
59 31
37 79
79 64
51 81
48 54
62 74
42 98
51 44
27 59
11 97
44 100
51 68
74 36
93 71
51 41
62 71
32 58
87 30
62 23
1 92
86 45
97 66
34 24
52 63
29 99
92 27
47 43
42 82
98 53
14 66
6 31
70 16
26 83
14 63
17 96
30 91
48 21
93 79
98 59
47 53
78 43
30 17
100 74
91 31
94 59
77 99
17 12
37 22
54 10
44 47
10 17
27 18
74 85
8 77
80 50
98 57
60 41
93 13
71 33
60 100
39 7
5 26
49 86
26 84
20 32
15 82
28 12
54 72
52 8
66 99
69 100
14 22
5 12
67 81
85 51
65 29
28 95
75 99
43 15
24 80
13 94
17 9
9 69
79 94
41 30
25 41
41 48
9 72
74 88
6 57
70 77
44 2
10 52
87 1
11 53
28 98
14 8
15 59
69 8
7 35
51 84
68 28
7 93
73 19
18 41
16 52
32 3
85 16
87 89
38 86
72 61
4 66
64 4
61 48
37 10
56 5
38 60
68 49
66 8
57 100
2 65
78 82
62 56
69 56
60 4
6 72
81 83
56 52
98 63
15 43
25 58
76 74
1 22
8 53
37 74
10 88
86 3
60 47
8 3
78 82
22 33
18 77
3 88
53 76
45 16
29 41
81 56
53 5
41 10
81 75
33 9
71 1
55 62
2 5
63 80
83 90
87 57
75 40
92 70
86 43
7 27
92 48
82 52
66 43
37 89
33 39
33 19
28 1
51 25
97 34
58 56
93 55
16 89
6 55
83 48
62 44
50 26
63 74
32 90
38 81
53 19
65 68
48 77
12 17
9 34
57 5
47 71
61 13
8 83
61 59
65 40
85 70
61 68
9 5
15 42
45 46
3 36
78 76
39 62
100 93
27 44
25 5
54 42
23 76
87 29
97 41
21 36
85 91
59 56
77 62
100 49
73 14
77 99
27 53
42 97
64 80
9 69
96 49
55 10
89 52
77 69
28 93
100 57
63 48
93 59
82 30
42 58
14 17
55 36
29 20
62 71
67 28
47 57
83 96
21 45
72 46
43 7
20 28
88 28
53 96
19 95
27 40
60 21
71 82
77 55
19 89
10 27
43 71
65 66
6 29
99 17
51 6
37 51
17 28
100 65
99 42
98 54
64 48
6 59
64 46
96 8
34 53
60 92
24 90
17 36
81 96
38 13
48 98
9 71
100 40
9 66
33 79
45 34
36 39
98 75
95 24
24 95
58 98
48 47
79 21
89 78
64 61
58 18
75 82
98 16
25 94
88 32
4 50
51 79
35 53
43 71
82 30
90 27
3 76
49 84
98 21
93 86
6 4
82 13
22 17
78 71
61 21
59 57
51 68
29 14
50 21
25 49
69 46
56 37
22 72
18 84
33 96
49 82
58 22
50 59
48 93
14 83
94 64
31 67
73 28
20 90
57 12
81 86
61 28
15 6
53 33
93 48
76 57
50 13
78 46
77 65
76 12
46 20
90 98
34 62
76 49
90 56
89 69
24 13
59 98
77 58
61 40
1 10
32 39
87 35
74 20
39 15
21 62
17 24
82 78
8 84
41 21
41 48
88 38
40 14
51 33
33 69
38 23
24 44
92 83
78 44
40 39
35 51
21 17
71 61
79 96
32 13
84 12
21 9
76 86
50 99
25 21
14 77
67 66
28 82
57 5
98 58
7 86
1 82
17 13
87 74
95 62
52 21
11 10
58 72
52 3
44 40
11 36
23 35
45 43
40 99
26 98
27 11
9 7
11 56
2 3
92 5
98 42
20 7
3 29
42 54
29 71
87 34
34 38
31 23
30 27
4 86
44 57
4 6
96 22
86 71
86 92
5 94
18 81
89 19
38 35
84 78
46 73
53 79
4 53
33 50
80 72
13 83
74 38
1 19
18 11
97 41
59 58
26 38
42 70
69 65
46 72
17 68
55 90
16 58
67 95
66 10
54 92
6 15
64 53
47 2
86 98
88 93
77 39
76 8
42 85
34 50
87 22
43 92
96 45
95 55
31 87
52 89
64 67
27 100
90 78
92 12
77 36
87 83
90 42
62 88
98 18
24 37
43 11
84 99
57 69
35 22
74 5
50 99
59 51
61 64
93 2
46 63
29 96
7 36
28 87
44 78
59 22
41 2
24 77
23 84
19 49
82 36
10 33
32 74
10 14
10 51
88 100
93 73
9 67
54 71
62 27
26 91
24 80
63 70
97 71
33 43
1 94
6 16
42 100
46 24
61 19
28 87
27 80
43 94
77 31
6 60
52 97
61 30
65 48
69 3
22 66
28 69
23 30
38 14
78 49
73 44
24 10
30 90
46 63
38 36
61 18
51 43
42 73
83 75
63 30
52 7
67 44
34 60
82 28
67 36
68 82
81 55
66 72
9 53
82 15
7 65
61 95
34 82
32 19
82 89
9 44
66 14
45 72
99 33
48 66
71 67
72 31
36 54
46 27
48 100
83 46
88 32
84 8
66 36
58 74
45 38
35 94
65 74
100 98
8 26
65 81
75 9
76 57
95 16
14 24
56 97
16 100
97 11
71 35
97 67
72 15
41 94
9 1
75 35
82 73
82 39
74 50
20 90
90 35
62 40
95 81
29 84
34 19
94 80
13 90
99 98
12 13
84 29
32 89
66 6
19 55
88 8
42 9
1 68
81 21
27 9
47 11
67 50
92 69
70 3
5 62
10 100
67 24
19 98
61 36
74 55
45 31
57 38
6 27
49 85
37 90
51 41
100 79
17 10
89 70
22 97
58 24
8 87
55 86
66 37
93 13
2 86
14 16
19 99
35 31
11 76
97 100
69 36
100 1
7 24
99 5
2 12
74 1
72 34
95 13
65 54
62 77
82 100
49 33
66 58
19 33
4 13
85 25
82 16
69 93
41 85
82 95
98 70
19 16
11 30
43 31
72 50
90 67
23 76
43 23
88 47
32 41
21 96
90 60
96 43
74 92
60 8
16 78
71 15
72 70
19 77
52 51
16 48
95 86
52 30
86 60
63 42
38 43
79 50
94 21
41 80
95 89
63 98
87 100
44 69
25 13
95 17
13 86
96 44
13 61
57 19
53 91
38 40
15 96
93 34
79 89
52 95
25 89
2 85
70 4
21 90
3 35
79 89
62 38
76 86
38 61
86 25
64 52
29 100
41 19
56 92
37 78
94 81
10 30
1 23
13 14
11 41
1 39
79 6
15 97
41 75
48 100
79 46
27 15
25 78
91 48
10 1
50 54
16 72
16 46
85 15
17 11
16 39
35 70
40 89
85 22
97 66
66 5
29 21
59 37
61 83
61 88
45 92
44 97
55 46
79 56
81 41
57 46
82 98
93 2
25 71
7 82
34 95
33 88
55 23
71 5
81 29
83 1
68 69
62 93
78 91
41 76
45 6
81 75
56 68
36 41
18 31
45 99
56 82
75 45
9 22
35 3
49 82
42 1
51 8
28 72
66 1
52 91
97 33
21 30
11 44
54 82
60 30
19 63
69 52
34 1
100 64
99 20
58 74
49 84
3 9
18 21
89 66
55 43
50 2
69 84
61 18
81 22
21 90
50 49
99 96
13 23
55 61
56 82
18 27
8 16
59 73
85 80
61 97
34 6
7 61
18 79
24 23
85 95
83 21
20 10
1 94
45 19
90 23
65 63
67 87
63 79
11 59
36 94
1 34
66 56
16 95
99 50
92 30
72 47
30 70
92 84
51 86
76 73
21 4
90 2
45 1
7 8
31 99
55 93
50 70
85 87
93 2
5 18
71 59
76 77
4 34
87 89
89 17
100 2
76 95
67 72
54 9
88 54
83 63
46 52
9 45
11 28
14 16
59 74
68 73
63 31
3 80
56 14
88 61
88 80
85 12
80 99
35 88
1 67
6 72
51 4
58 49
61 81
4 57
19 16
76 52
58 47
2 42
11 65
41 78
12 11
15 73
74 92
88 32
6 94
46 18
8 70
2 35
87 35
26 32
99 4
13 9
49 1
62 29
86 98
33 25
21 25
33 30
68 67
88 62
47 31
79 67
30 50
75 92
45 52
40 98
87 26
86 84
28 98
83 67
86 90
70 63
13 29
3 88
67 32
61 38
17 26
55 10
75 45
32 27
12 47
83 53
32 90
51 77
20 76
31 27
62 64
79 35
66 15
38 9
58 64
6 45
78 20
8 91
13 2
33 60
51 4
13 23
73 77
100 17
92 93
100 42
90 76
41 33
87 51
65 88
17 29
60 26
72 96
17 39
51 41
31 11
86 56
60 47
38 9
34 51
28 32
25 42
82 86
10 34
84 70
88 73
60 89
90 80
67 26
10 60
89 15
40 81
5 42
96 9
67 85
3 99
61 22
3 9
94 47
12 44
46 3
59 16
48 47
87 54
29 7
39 72
92 15
38 72
33 50
31 2
9 18
70 1
9 93
16 30
39 46
10 57
59 14
47 58
43 44
34 81
64 93
65 23
63 77
93 10
1 20
63 89
71 41
40 94
30 11
26 38
72 35
49 28
93 12
43 10
63 27
40 99
31 6
47 7
86 13
51 39
73 61
19 6
57 71
10 37
27 63
76 43
29 58
47 54
32 99
75 76
28 72
31 87
23 42
85 58
61 24
62 77
93 79
15 9
19 59
65 26
93 54
58 19
23 96
42 49
50 57
56 29
52 59
78 21
34 11
88 15
53 96
57 54
26 36
92 19
74 46
28 81
99 90
45 93
8 20
21 35
84 47
85 4
17 26
38 51
66 42
41 31
68 41
91 32
13 54
25 6
52 67
96 1
96 46
90 78
69 63
52 20
53 32
22 20
8 32
34 97
85 40
65 89
23 2
20 33
34 29
80 65
83 78
