1000
356 121 339 37
968 577 119 386
919 106 192 667
292 284 40 205
902 618 1 692
897 584 680 513
182 140 155 85
845 516 234 750
576 82 537 32
482 295 110 233
739 544 238 393
401 126 142 345
108 47 81 70
849 146 69 111
937 46 170 650
75 13 37 62
141 80 135 55
472 30 463 221
106 44 24 93
951 807 66 86
926 789 923 402
413 270 230 146
837 535 151 52
880 273 125 323
760 19 35 140
411 325 137 147
531 480 447 33
305 72 24 206
29 20 1 22
809 768 230 235
990 499 634 894
141 105 87 41
302 165 191 132
361 230 225 128
56 53 7 11
716 677 415 358
617 461 441 578
405 312 10 5
276 72 155 100
86 84 83 52
975 314 168 782
350 162 245 110
793 192 535 96
161 64 5 138
953 574 573 591
357 190 41 351
394 13 91 235
93 53 50 7
594 551 167 87
561 77 50 448
88 73 31 75
878 828 619 357
83 20 37 54
712 364 328 329
432 16 178 405
120 116 99 9
629 403 431 226
482 162 67 428
11 1 2 8
247 145 191 148
732 148 247 629
550 525 213 398
247 222 133 82
258 33 35 182
662 239 283 117
517 9 242 317
27 11 27 14
44 15 41 5
238 179 173 72
868 48 480 369
501 273 397 391
2 2 1 1
208 64 99 82
429 226 53 191
889 776 20 649
753 529 188 196
901 337 609 570
843 519 257 1
870 516 619 532
458 171 189 82
73 43 67 48
623 266 517 238
920 657 139 376
122 64 44 55
904 146 517 110
863 280 766 799
585 386 477 178
73 41 70 65
459 232 278 457
393 266 103 353
114 62 38 35
476 378 304 426
189 5 18 94
869 200 117 203
196 6 121 171
988 454 394 932
759 525 694 374
253 4 5 157
913 268 120 298
852 90 10 713
760 609 470 83
539 79 13 330
700 183 461 232
644 297 16 101
787 703 784 336
212 171 57 14
256 6 230 66
14 5 14 3
897 280 815 191
637 623 421 359
285 13 124 77
841 377 449 26
234 5 1 153
833 640 373 474
208 31 86 148
950 595 879 370
664 310 322 168
131 72 95 102
40 19 8 34
209 15 118 171
238 144 111 201
588 256 279 181
830 43 218 16
134 65 81 11
809 21 491 182
884 345 648 10
959 86 474 928
606 458 462 566
393 73 310 269
864 661 164 498
781 68 669 758
347 337 179 263
304 244 14 96
724 205 237 682
229 70 193 225
78 34 10 15
108 90 45 78
758 54 585 162
115 19 41 96
754 357 141 108
337 228 79 166
743 91 716 504
429 112 33 169
615 309 154 526
928 76 2 833
805 724 241 117
274 1 203 176
597 438 179 25
679 488 56 223
651 49 546 630
317 253 97 198
911 108 544 207
786 110 623 406
79 40 47 33
235 12 116 129
869 493 540 210
926 106 712 728
558 472 116 4
721 519 269 618
579 564 8 579
774 168 173 45
544 231 316 416
753 258 89 106
940 496 709 171
102 11 40 31
265 171 132 84
935 832 275 195
976 68 171 397
207 194 144 59
260 257 15 176
34 9 5 12
651 513 405 509
931 425 641 59
751 78 124 203
856 158 692 717
957 777 696 734
110 17 95 16
123 105 123 18
737 220 535 442
135 22 48 45
304 28 158 296
114 77 101 114
588 495 157 211
480 289 431 395
328 175 260 85
184 101 33 164
555 28 545 328
112 29 10 26
475 368 7 460
408 252 136 336
950 95 885 221
823 129 158 566
802 71 770 713
128 100 55 126
591 325 260 490
866 123 183 163
399 240 296 188
10 1 8 4
712 180 671 309
744 519 479 107
545 182 329 108
765 659 130 717
856 375 61 585
167 46 1 79
169 113 55 162
488 120 403 236
817 664 468 163
104 26 58 51
177 39 167 59
750 654 294 400
834 165 379 785
754 416 5 333
352 293 292 77
46 15 39 2
184 144 114 61
342 141 24 27
491 374 180 329
118 50 8 39
449 402 249 103
385 288 280 241
635 96 97 630
292 136 40 276
974 21 444 461
990 907 292 798
88 46 10 55
49 15 22 32
775 392 73 137
706 233 375 285
837 513 745 624
252 148 68 227
95 18 12 30
128 72 25 5
226 107 15 117
812 582 605 187
823 108 211 639
74 6 19 10
477 21 75 106
708 609 151 556
389 371 272 310
610 41 129 354
695 400 421 21
653 11 498 48
520 323 226 2
655 180 237 230
91 80 13 72
429 231 312 309
363 286 258 263
746 131 656 499
903 542 55 407
112 21 94 106
579 540 174 136
261 177 57 259
438 278 259 363
520 190 10 176
827 584 585 331
240 181 201 153
798 449 201 774
345 105 93 302
974 816 401 971
27 1 4 9
166 26 63 50
332 291 254 51
731 637 678 151
216 145 146 214
159 39 155 17
90 15 60 10
266 30 197 46
282 115 232 179
147 33 132 125
470 379 351 409
734 112 76 419
366 278 319 282
78 39 38 13
34 23 1 32
542 425 487 34
179 155 114 15
136 56 60 116
723 80 173 265
516 133 140 406
130 23 100 127
585 496 290 62
196 162 9 193
618 177 277 115
13 8 9 11
628 618 234 372
772 128 106 629
943 298 139 173
850 395 109 250
562 281 560 402
954 177 574 860
863 367 37 640
503 58 139 428
727 520 37 650
599 146 19 95
602 108 435 488
249 30 193 225
311 179 49 152
580 341 136 186
339 41 212 227
288 65 119 53
593 349 331 9
907 711 375 838
706 375 511 7
871 245 62 14
509 504 7 305
174 78 30 25
179 176 48 48
531 449 346 274
823 450 694 529
525 306 176 213
819 284 740 158
442 65 343 17
740 194 111 692
606 562 70 20
8 1 2 6
344 1 191 154
258 254 214 168
840 338 558 687
255 15 112 60
559 507 338 40
305 21 151 109
608 604 485 429
800 713 679 692
991 475 151 801
457 144 367 285
628 614 47 214
151 116 89 33
515 371 469 1
701 339 462 681
183 14 149 50
9 1 8 1
891 52 455 109
171 84 48 129
139 22 3 63
111 4 75 94
28 17 7 24
412 129 145 65
954 555 72 579
788 482 456 722
698 485 260 174
778 730 147 590
475 314 253 170
645 607 253 165
327 218 311 19
463 79 422 128
258 9 177 102
144 22 114 35
628 519 565 300
150 8 9 149
57 9 15 43
910 207 170 309
599 49 346 179
729 562 347 21
375 112 74 203
45 20 11 33
724 187 169 510
164 24 5 18
956 677 852 780
348 29 7 89
627 473 478 355
115 34 103 113
365 130 296 188
353 262 224 343
977 122 159 424
493 475 9 167
743 309 54 152
192 143 39 47
455 24 102 27
167 62 139 136
655 652 454 222
623 181 319 389
917 580 580 703
564 125 395 12
977 210 889 656
659 480 600 291
444 346 53 372
373 45 321 288
465 299 261 377
45 12 43 40
259 35 45 242
509 365 201 95
679 387 125 425
356 100 318 22
711 590 185 447
285 74 14 227
483 427 284 11
503 381 240 65
567 149 557 305
141 71 122 16
86 19 72 32
618 128 344 343
23 3 15 8
703 100 197 684
321 297 320 24
440 86 355 115
495 304 215 10
663 79 517 614
851 506 583 102
283 178 253 168
152 122 99 149
463 63 218 213
713 679 314 199
861 444 4 198
671 536 427 29
476 5 71 303
526 497 490 293
623 60 101 221
987 36 487 373
975 641 517 404
631 104 387 489
318 246 2 294
35 2 1 15
698 76 661 579
640 427 66 465
552 130 56 111
571 524 47 325
320 60 316 264
657 148 362 154
225 83 90 156
173 124 118 163
702 29 163 66
358 235 276 101
179 92 8 146
366 206 305 310
386 120 195 234
56 41 11 49
112 62 10 54
678 211 496 99
648 503 374 281
216 75 167 100
672 483 651 72
970 54 254 333
447 44 231 15
241 232 33 32
939 909 748 617
359 146 225 50
41 6 24 34
378 269 271 353
6 6 3 3
680 645 680 635
69 53 10 3
435 222 188 430
13 1 4 8
279 80 69 72
989 127 839 189
2 2 2 2
801 428 459 748
1000 16 795 731
885 367 44 517
517 382 172 47
487 374 237 75
302 35 257 159
761 639 552 396
572 464 228 286
492 60 377 464
215 85 168 17
108 71 2 83
94 52 10 8
156 88 72 82
814 389 108 384
108 24 62 101
773 485 49 736
932 500 268 894
451 304 152 292
717 102 308 237
359 263 231 150
365 191 215 331
603 125 441 240
217 119 174 56
219 98 44 215
651 561 112 522
437 116 17 340
466 26 180 444
866 637 10 27
626 561 349 423
511 485 42 320
470 218 430 56
250 106 50 109
544 421 373 434
183 169 143 61
491 262 320 58
63 56 5 8
870 738 394 721
981 660 95 263
21 3 9 6
2 1 1 1
308 80 203 258
220 156 37 15
280 183 88 62
536 516 323 291
176 109 21 91
691 428 119 432
625 597 547 350
909 425 741 705
43 15 7 42
117 116 48 40
443 174 123 176
272 106 130 27
917 53 585 346
620 574 146 479
382 373 159 25
879 350 125 129
945 801 382 177
574 319 225 200
725 212 56 100
27 7 6 21
471 468 86 144
43 4 15 12
188 128 16 187
819 425 526 84
211 111 37 154
262 86 109 189
583 225 154 258
533 268 176 202
187 95 23 46
89 68 31 50
538 213 20 1
183 102 9 94
966 33 570 453
443 398 139 324
674 367 485 141
782 106 587 619
555 483 143 43
639 360 330 559
276 257 83 20
386 140 121 241
819 814 721 150
703 153 493 586
464 153 146 263
366 88 9 339
697 316 186 129
604 93 480 416
939 742 699 424
646 271 299 427
244 175 78 98
169 11 43 161
968 956 164 903
188 143 111 116
212 35 23 208
296 99 123 235
580 127 140 424
396 170 171 40
649 573 621 184
418 369 67 191
458 346 242 73
29 1 7 22
116 113 54 33
319 7 64 101
99 83 91 46
132 123 71 113
56 33 10 15
639 339 466 619
733 482 268 442
976 373 50 250
768 196 230 737
971 396 852 485
906 573 672 572
811 432 442 298
926 633 922 100
516 118 196 35
269 159 231 239
370 244 57 88
755 491 746 589
367 148 306 226
68 26 62 18
691 310 430 642
436 27 425 150
69 8 55 49
765 378 296 744
229 200 74 156
501 328 501 33
50 29 50 5
960 569 561 101
372 232 170 274
266 243 71 238
775 454 361 464
765 305 533 336
481 317 119 360
820 320 86 766
443 350 265 135
140 112 113 138
104 44 64 85
196 68 166 147
390 9 329 121
409 333 259 162
475 269 368 469
762 155 88 476
682 589 160 491
191 14 36 91
854 71 780 190
87 35 23 7
693 362 243 381
914 419 909 266
772 89 114 729
891 182 162 819
174 132 17 41
469 104 267 390
157 76 40 121
360 48 184 219
848 136 431 367
63 14 49 16
889 138 704 530
220 124 54 212
478 233 189 166
251 107 84 151
720 58 219 216
344 196 142 192
498 324 310 349
672 618 290 225
38 8 24 19
857 174 418 765
61 10 51 10
581 185 528 555
393 98 302 48
218 136 53 198
819 806 42 804
575 484 422 286
77 12 24 29
521 360 101 472
701 456 624 345
894 543 144 659
861 649 676 232
437 232 145 326
640 343 219 446
266 90 121 58
481 299 177 479
516 128 247 445
258 239 188 239
675 313 421 577
299 137 217 211
858 75 585 360
613 354 558 547
681 11 631 391
57 21 24 33
952 8 34 1
100 92 29 99
914 649 683 542
861 355 580 434
976 196 649 283
312 1 141 101
403 97 290 142
615 328 168 555
146 75 43 64
471 71 435 99
901 417 230 758
151 50 116 151
382 295 135 376
486 131 486 446
329 298 255 188
334 312 334 328
934 5 131 481
532 175 365 135
760 508 13 444
834 685 467 575
254 107 12 32
112 85 106 102
408 142 36 173
472 273 115 354
860 205 674 61
961 873 572 556
786 593 328 552
864 168 274 342
930 655 706 702
617 37 204 451
81 62 6 13
509 20 145 115
981 441 577 882
608 325 474 192
14 4 14 6
391 243 199 292
588 114 314 82
52 52 49 4
726 416 63 130
923 34 398 383
386 320 92 64
843 816 777 413
453 136 54 450
470 129 185 159
976 871 620 455
779 272 648 471
411 160 85 125
253 6 201 38
302 116 256 124
693 33 86 75
653 414 338 96
367 272 49 308
85 2 19 36
221 55 45 113
762 445 497 16
366 307 361 178
771 712 16 66
400 304 323 9
516 482 363 118
438 308 181 65
106 26 68 8
657 319 165 356
902 689 133 733
328 26 274 173
528 192 73 123
191 110 114 70
331 268 134 59
77 65 38 34
715 3 521 364
48 2 9 19
180 98 179 74
146 142 105 145
169 27 78 66
190 43 70 75
133 72 11 29
918 612 450 788
647 347 573 583
262 245 90 160
860 761 71 172
792 155 512 438
434 263 351 368
884 355 254 48
917 726 216 171
513 312 244 415
796 464 456 116
416 224 269 220
106 92 70 72
652 485 618 388
395 317 129 115
947 742 803 369
136 92 75 103
320 232 6 35
55 9 23 11
416 132 294 184
609 153 460 562
397 20 72 109
956 813 85 509
797 87 441 382
544 520 65 78
677 33 524 618
936 919 360 613
841 135 563 198
728 155 293 426
541 432 368 34
240 58 153 44
635 365 44 290
117 9 5 117
790 183 257 311
766 198 434 154
424 258 218 357
730 730 170 504
179 85 107 51
864 328 335 113
71 41 36 39
356 10 123 203
765 391 231 492
212 85 186 159
650 95 316 409
690 558 366 100
973 738 410 540
327 33 202 196
654 119 543 285
317 61 124 265
989 869 184 318
151 126 115 80
323 152 29 236
520 221 442 208
350 235 155 243
509 134 417 180
116 69 19 34
833 308 622 329
448 407 4 141
436 295 162 47
387 146 245 298
677 4 341 462
263 35 206 124
886 830 118 599
254 198 188 150
593 193 250 509
360 46 271 331
522 376 242 339
230 96 156 56
898 61 33 40
273 259 49 50
942 874 385 825
505 278 86 397
867 269 785 820
420 206 152 129
554 276 419 433
681 484 258 539
900 704 68 364
433 138 177 122
201 108 104 48
782 494 572 560
837 626 141 627
523 179 113 263
530 211 8 240
54 10 14 7
538 37 28 220
945 363 544 423
585 428 342 336
997 887 900 932
687 199 546 454
867 190 62 791
771 558 317 372
953 223 134 569
795 474 520 701
504 315 146 280
671 65 50 495
726 460 329 122
378 294 366 20
144 41 125 138
544 178 50 144
718 488 594 613
730 155 729 262
821 473 169 325
296 238 99 222
236 99 221 2
406 238 219 259
456 435 406 297
918 74 507 781
155 16 115 134
479 99 156 150
862 7 226 777
142 75 54 74
384 109 229 352
893 772 759 322
780 451 615 90
782 547 749 379
580 231 274 228
22 4 11 7
655 596 590 493
701 673 425 177
943 873 300 215
432 103 289 145
507 136 141 271
75 72 57 60
811 260 473 360
875 39 59 738
538 467 21 228
130 18 73 67
491 348 295 490
192 7 98 161
857 134 155 600
322 236 246 279
361 203 346 192
476 400 103 246
583 60 42 243
348 2 310 341
707 86 555 695
186 53 125 46
413 292 365 124
277 174 49 103
634 515 534 609
280 6 6 254
560 109 18 337
287 40 194 196
104 17 102 83
690 170 121 175
213 20 194 149
769 303 2 443
385 281 378 283
530 314 379 418
1000 654 868 724
992 36 325 414
902 265 356 346
244 193 205 115
140 58 9 83
227 117 50 89
697 180 318 203
725 567 331 621
43 12 29 37
358 331 98 90
723 493 156 222
425 75 417 353
803 294 60 160
125 30 105 75
401 3 125 140
204 158 204 47
655 272 438 409
453 189 144 302
773 634 56 122
899 759 533 815
241 154 96 231
496 135 34 397
153 26 37 85
315 240 101 64
297 61 214 178
349 29 86 138
537 287 485 95
863 776 365 389
743 386 441 67
652 109 532 56
665 235 315 137
510 97 460 213
649 545 273 362
155 82 149 123
906 640 117 768
665 356 317 280
853 37 803 339
93 51 4 84
603 179 485 21
593 449 221 365
440 328 21 64
123 79 55 99
639 57 367 48
638 63 196 625
492 269 215 213
573 159 423 85
827 243 319 329
576 32 305 215
304 164 248 156
238 167 219 101
359 12 275 188
368 320 315 270
76 54 67 23
312 85 242 88
252 207 199 238
422 242 396 257
269 36 37 117
202 179 44 63
624 168 484 4
127 116 38 28
348 341 177 237
492 363 371 66
655 109 607 4
858 858 737 723
424 287 241 59
497 308 112 387
926 583 134 815
37 3 36 24
423 356 115 6
797 268 173 658
877 420 716 2
127 24 22 14
268 100 164 191
356 5 300 165
696 578 62 330
72 63 11 57
536 487 293 166
10 8 8 7
929 324 876 643
185 91 76 181
633 237 263 40
859 111 644 113
953 457 472 777
655 521 626 300
426 424 426 132
141 123 22 63
83 36 5 62
405 28 227 57
908 678 296 579
298 108 213 66
102 56 18 19
473 203 384 366
949 565 284 874
820 566 262 592
448 12 162 287
542 434 536 362
915 415 902 662
908 678 16 213
837 513 308 614
252 136 225 83
26 2 21 25
580 280 573 165
885 868 445 313
396 286 28 296
715 178 635 261
604 411 434 71
955 856 492 266
337 85 230 186
662 603 632 25
156 25 108 47
594 581 453 339
489 205 178 192
911 787 565 737
897 726 354 258
239 201 34 40
514 347 124 393
544 300 75 304
816 33 252 400
378 231 67 11
139 73 4 1
829 320 131 466
611 436 535 25
450 226 99 372
62 24 28 37
371 217 24 288
221 67 152 6
51 28 28 1
137 101 111 39
933 920 558 83
348 176 338 117
564 533 210 294
252 212 66 182
527 181 392 294
312 162 124 33
276 30 185 168
86 50 59 37
169 149 53 121
543 539 171 14
177 123 2 27
130 91 9 35
342 123 54 197
178 45 132 149
531 203 56 412
