100
3171 303 1717 1638
9726 1486 5910 8892
2626 1223 1916 1181
525 245 45 96
3709 3516 921 610
1843 1497 1314 1614
1578 332 1167 359
5157 9 4575 3120
1277 951 825 966
1732 798 1039 1388
1033 937 224 292
2822 861 2642 696
8099 6586 1567 6787
1845 1659 846 1141
1632 1347 25 1374
4682 4441 1491 1657
2728 197 1328 892
5915 3555 2703 5620
5265 2358 5172 39
705 253 361 459
8867 3766 877 8672
3907 768 594 1581
8339 5746 6414 1895
5461 3593 4241 4396
4712 3812 1446 3832
2150 1962 1050 502
8471 1757 260 1878
3021 2532 478 1122
687 174 318 566
3081 2137 320 2680
6468 3952 3456 1424
1491 1160 941 404
6835 2003 3316 1180
119 23 83 11
8665 7703 8288 5297
3225 1465 429 757
4630 1974 688 1940
119 69 44 26
6034 1930 105 3926
4065 3418 898 3986
6358 3900 4725 2986
4983 494 885 2330
8312 2882 7624 1689
5514 3479 2993 4112
6884 1264 1475 3599
7872 1537 5126 1973
7486 4986 3395 916
7767 710 3750 7044
3563 1833 815 2609
958 237 249 293
5186 858 834 1661
9850 1409 7006 4396
8045 7807 2506 7533
9553 1471 4476 9269
8222 4282 3328 1766
8482 3284 6602 4868
4695 1961 345 3258
3242 1304 2625 1344
7898 806 6127 6154
4713 271 3099 2809
7 5 1 2
221 190 155 218
4507 4004 3115 3841
7921 7723 2413 4240
8480 3157 1889 7472
5332 3879 4306 121
351 322 60 181
5056 3891 3283 4224
8369 2673 7738 2600
5464 3043 1815 4632
6982 5074 3272 737
118 57 73 20
2169 999 1641 287
6544 6458 984 2186
8980 98 5528 6823
5049 3488 792 853
8881 6239 556 6470
8410 2499 4903 700
4255 340 137 3114
1956 721 122 1906
4636 3704 954 3885
4764 2203 3258 831
5363 3040 1011 1730
5608 4514 2878 2758
6544 1633 6163 1010
8437 2901 6557 5456
8607 5227 6598 5699
5525 172 66 36
6056 3806 5005 1824
9841 658 3927 8893
7265 6417 1922 616
1203 339 27 598
834 61 363 340
3690 2197 1958 2400
2397 2127 1731 1498
814 403 525 405
9502 7759 9003 1498
1679 1403 1380 410
4545 106 2789 1494
547 161 144 388
