100 185 42 13
46 47 9946
23 24 9924
53 37 3315
91 8 6192
62 7 8032
25 26 9926
38 59 438
88 89 9988
43 44 9943
22 23 9923
77 78 9977
84 85 9984
31 45 3739
68 69 9968
62 57 4434
34 35 9935
100 48 3638
66 76 6984
48 49 9948
86 87 9986
37 38 9938
96 97 9996
64 80 6868
41 89 4575
76 77 9976
84 13 8384
76 16 8234
59 33 4598
11 12 9913
71 86 7434
15 16 9916
87 24 3434
92 15 861
47 48 9947
16 17 9917
31 32 9932
5 36 4319
91 92 9991
9 10 9911
51 52 9951
85 49 5356
96 13 1750
71 38 8950
29 89 7011
90 53 8537
96 61 9428
14 50 2628
73 74 9973
1 2 9903
24 5 7612
5 38 2631
17 18 9918
76 53 1413
82 83 9982
87 33 4609
6 58 7765
37 38 2089
62 63 9962
100 67 5994
89 90 9989
71 72 9971
72 73 9972
93 94 9993
44 45 9944
3 4 9905
72 25 1684
41 43 9942
40 78 4564
98 54 5227
56 57 9956
55 56 9955
19 20 9920
24 25 9925
77 48 3246
10 11 9912
46 53 4592
39 40 9940
69 70 9969
22 70 7074
32 33 9933
81 82 9981
63 97 6582
98 64 8872
20 21 9921
78 79 9978
97 75 7363
11 31 4886
79 80 9979
40 41 9941
18 19 9919
97 5 8696
79 74 8009
6 7 9908
71 77 6125
42 1 9902
53 17 8872
33 38 6182
20 77 5826
85 86 9985
21 22 9922
53 54 9953
8 4 1144
12 14 9914
49 57 4634
17 88 1761
12 28 4068
14 15 9915
5 6 9907
82 45 3230
92 97 6825
57 58 9957
27 28 9928
63 64 9963
7 8 9909
58 59 9958
36 3 7578
26 13 643
77 88 2984
99 100 9999
46 86 1348
8 9 9910
59 60 9959
39 15 5224
49 50 9949
52 53 9952
26 13 7900
80 81 9980
75 45 1592
100 13 10000
4 5 9906
61 62 9961
95 96 9995
47 60 4526
28 29 9929
87 88 9987
31 37 338
50 51 9950
54 55 9954
40 48 8075
87 35 4265
67 68 9967
29 30 9930
26 27 9927
30 31 9931
4 31 757
88 29 5135
94 95 9994
74 75 9974
43 3 4740
38 39 9939
93 42 6786
92 93 9992
83 84 9983
18 1 8151
70 71 9970
33 34 9934
64 65 9964
32 21 4226
25 86 1837
98 99 9998
48 82 7820
41 99 7353
69 47 9120
90 91 9990
24 9 4811
20 2 4985
60 61 9960
35 36 9936
75 76 9975
40 64 7643
65 66 9965
63 39 6473
97 98 9997
85 2 7278
36 37 9937
57 30 913
42 2 7488
66 67 9966
45 46 9945
61 25 8744
14 84 9882
93 15 3101
2 3 9904
58 61 920
95 81 952

