4914 4997
2 2891 1620 2673
2 3707 552 1192
2 4387 4692 1976
2 529 3535 4217
2 3575 3153 3641
1 3509 652 1288
3 807 3523
1 2265 329 3863
2 4260 4843 3836
1 154 2294 1197
1 3158 4473 4960
1 3196 1728 149
2 4470 4739 1842
1 1112 4733 1095
3 360 3828
1 1170 1249 277
1 170 3433 2595
2 2323 4336 3790
2 2806 3879 100
2 2633 1208 2405
2 1396 4875 1119
1 85 1402 2626
1 4084 4247 469
2 2562 2892 4567
1 3536 4438 3678
2 3084 4476 3940
1 1658 2529 2789
1 3268 1351 2658
2 955 2848 3033
1 1564 3787 2762
1 2322 4600 4115
1 4141 4728 1430
1 724 2916 1334
2 4840 4435 4589
1 2312 1570 961
2 2950 2826 2386
1 252 4109 1478
2 4404 3691 646
1 740 1678 1878
2 4011 3855 1704
1 1780 1782 3394
2 4352 2872 1643
1 4794 3964 434
2 50 2344 4527
2 16 4064 2680
1 3562 413 4390
1 1134 3843 4893
1 1945 1065 360
1 3940 3894 706
2 430 1289 4157
2 2285 4685 3167
1 2790 1831 233
2 635 2423 4055
1 1274 1361 3426
1 2159 2353 3929
2 3355 1776 4579
2 2307 1393 1934
1 2670 2420 1396
1 3013 4760 4041
2 1044 3023 3142
2 1125 4363 4681
2 4190 1734 2707
1 3694 18 2480
2 2421 3575 186
2 3244 3258 903
2 491 3914 695
2 1659 3942 663
2 4863 3913 3912
2 3021 4429 1944
1 2145 4830 4871
2 4873 924 364
2 2732 3158 2774
2 1027 4309 108
1 189 1552 3757
2 760 1857 1824
2 2240 3808 4694
1 656 2923 3003
1 4520 1799 1793
2 53 4005 2820
2 871 1298 1502
1 2847 1028 2581
1 3038 1400 4033
3 1857 149
2 197 2784 4952
1 868 3141 706
2 1751 4803 326
2 1454 3660 1600
1 390 2715 3651
2 3462 1717 2922
1 4856 1748 2696
1 3393 4467 4921
1 4778 4881 4919
1 3259 2098 3502
3 3878 3404
1 1016 2737 1593
1 468 2007 403
2 438 4695 3948
1 4281 1381 2292
2 4045 1638 3832
1 1412 2922 2705
1 4652 4873 1413
2 4694 2316 541
2 2934 193 3166
1 4810 2212 4296
2 3641 1939 1426
1 4631 535 916
2 2490 792 179
1 3015 222 4712
1 1746 2742 1025
1 456 3256 2023
2 363 2052 1447
1 2233 312 1809
1 407 500 820
2 4823 4848 3056
1 3966 1547 2498
1 1032 105 1444
2 2507 1742 34
2 2362 4042 2021
1 231 2908 2788
2 4094 4053 4831
2 1726 1900 3698
2 1425 38 3176
1 4461 794 605
1 2128 2889 4499
2 4301 843 3654
2 1809 1970 3624
3 2804 3898
2 2902 3710 2488
1 3151 827 2781
2 1280 4193 2053
2 4598 2237 669
2 2436 3609 1487
2 2559 2113 599
1 1725 1223 319
1 1220 3813 3556
1 935 113 1726
1 3816 3556 3708
2 3149 2647 3102
1 1943 3657 3281
2 2471 4834 3767
1 3266 4063 1020
1 4256 3916 3642
3 4791 74
1 3010 377 4496
1 442 2155 3783
2 992 45 2707
1 1799 1509 345
2 502 838 355
2 3215 4600 2565
1 1245 1495 113
1 2027 4759 500
1 759 4854 1231
2 3663 2043 2998
1 1439 1917 4596
2 579 3683 4966
1 4836 3013 2483
2 3273 1762 27
1 2657 3822 3701
2 1675 2102 1702
3 133 3808
1 2691 3230 706
1 4842 4780 642
2 315 513 46
2 1521 32 2032
1 1631 1565 4404
1 760 496 3636
2 4319 2363 4941
1 3826 4625 4712
2 2018 897 1418
1 3094 2671 700
1 3917 2066 1339
1 3049 1628 4129
2 1350 1410 1962
3 2230 3998
2 209 1717 4312
1 90 1015 2459
1 1760 151 4118
1 3194 3662 2402
1 2742 3311 4084
2 1845 2595 1334
1 2670 4788 2157
2 2602 2240 2633
1 1076 2401 1208
2 4870 4752 347
1 3089 4411 974
1 1724 551 3501
1 3424 2346 3426
2 3168 1277 1704
3 47 2719
1 4531 3203 3717
3 2839 2073
3 3889 345
2 128 2680 4955
2 4205 3453 2403
1 613 1463 2476
1 1682 967 4118
1 3702 1049 2622
1 4393 4613 1814
3 3618 1804
1 2706 1392 1550
1 1839 2147 92
3 4572 3163
1 269 3079 3194
2 3943 1676 1976
3 24 113
1 684 4056 4451
1 4049 2736 1239
1 1069 2386 194
2 2203 832 4305
2 365 3095 3805
1 3832 2639 3036
1 1976 2722 3294
1 3567 1888 1520
2 4131 4214 2548
1 4279 3267 2527
2 4650 809 18
1 696 1852 818
2 3640 3831 273
2 482 3507 914
2 4673 593 560
1 3109 343 2008
1 1443 2153 4882
1 523 1257 4244
2 693 1341 551
1 1238 626 3072
2 1248 422 480
1 4408 2411 4429
2 1767 2574 4559
1 4215 3861 1668
2 3318 4771 1324
1 31 2898 149
2 4387 1378 2424
1 551 260 2562
2 2471 2938 1988
2 1158 116 4828
2 2611 760 3594
2 1354 1635 892
1 3366 4261 1706
2 2294 3738 4514
2 945 4906 797
1 2805 2970 4616
1 2001 3669 3404
2 4569 4682 1207
3 4131 2531
1 2322 2976 2232
3 7 1477
1 3842 4702 2011
2 3259 1651 1670
2 1344 4141 779
2 1994 3271 4001
1 3832 1980 1335
2 2865 4397 3605
2 1371 3364 3024
2 4793 2655 1691
2 2077 1576 4977
2 2296 3848 2364
2 1879 2019 601
2 210 2686 1290
2 133 705 1058
2 1850 3379 724
2 120 126 4733
2 3726 1230 2021
1 3602 1608 3907
3 130 3845
2 1690 3228 1244
1 2027 2904 4502
1 1634 2810 1546
2 2501 3366 3368
1 556 4138 4694
1 630 4723 3900
1 3916 3355 4665
1 423 65 4236
2 2756 4140 283
1 4186 2210 3320
2 3138 3184 526
2 3162 352 3017
2 895 3494 3
1 318 3346 4384
1 2112 4114 2555
1 4078 3720 4078
2 405 2045 3623
1 3955 1844 3565
1 2766 2978 3375
1 4633 3069 1237
1 4601 1485 2957
2 1221 493 4623
2 3866 1733 2978
2 680 3924 3829
2 4611 4719 4326
2 3849 1261 3839
2 4766 2033 4147
1 4397 1644 4870
2 3871 846 2443
1 519 1745 3635
1 2222 1711 1236
2 2080 4395 3776
1 1834 4341 2746
2 2055 226 4133
2 544 2483 3900
2 1313 3100 2011
2 2360 2159 4741
1 1445 2119 1219
3 1158 3189
2 1108 2053 4079
2 3910 1429 1370
1 1083 25 1711
2 4268 334 4634
1 4277 1135 3220
2 4794 3196 4811
1 709 4581 2751
2 2863 1620 4423
1 2480 544 10
1 3163 2890 4759
2 163 1658 877
1 2749 4769 4019
1 3683 4429 121
1 1107 2170 2053
1 3705 2890 3392
2 2870 2233 3270
1 1560 4453 3514
1 4116 785 2415
2 627 2986 1216
2 234 3267 1049
2 772 651 3715
3 4618 4094
1 830 4622 3869
3 4671 4703
2 2151 3340 3134
1 2731 4864 556
2 350 1488 2695
2 1304 3774 3651
2 1306 1768 217
1 4646 2182 4487
2 2919 659 838
1 482 3480 4962
1 2580 1872 2790
1 1626 4093 1549
1 4391 4134 3178
1 1527 498 3873
3 4213 110
3 2387 2204
1 1242 4865 2763
1 4152 2053 375
1 4145 825 2570
2 4584 3594 859
1 680 2894 4657
2 4447 662 4899
1 2233 2099 1978
2 2529 2961 1826
2 1845 2662 4373
2 3360 2506 4559
1 4269 4297 435
2 3030 4402 2380
2 3920 4685 1797
1 279 4355 2370
1 1444 3154 901
1 345 4492 3314
1 2895 3548 4898
2 3610 1864 980
1 48 840 1584
2 3292 3948 1266
2 6 55 381
2 2947 289 917
1 3054 4400 4076
1 4212 1405 3054
1 593 1732 2348
1 2301 1381 1677
2 2558 2014 625
2 3255 3981 3228
2 3974 2348 1057
2 4348 126 3684
1 2824 2093 2863
2 2568 543 2878
2 2539 3272 4107
1 901 443 1490
1 3720 499 742
1 1340 2581 2995
1 3954 4122 313
1 3923 3187 1760
1 129 4727 3166
1 3635 2510 1666
2 345 3802 3165
2 3074 2165 4508
1 61 3088 256
2 4797 2154 4613
2 279 2729 1150
1 1864 2964 1175
2 279 1945 482
1 3772 4288 91
2 1078 3317 1876
1 853 3470 2002
3 4732 2029
2 1306 4315 2948
1 2983 3277 2231
2 4139 3892 2027
1 348 1916 2210
2 4870 1536 4128
2 2719 1930 311
1 3211 1925 436
2 669 959 2136
1 3591 3246 3111
3 822 3703
1 295 320 2427
2 2111 1388 518
2 297 599 2433
1 690 2069 4670
1 850 3014 3922
2 3244 3766 1406
2 31 3138 399
1 1400 4138 1414
2 3648 132 928
1 1693 4637 2807
1 719 383 2359
1 2999 4609 2850
2 2124 3873 4061
1 3535 1220 4489
2 4581 3012 2362
2 1803 2758 1619
2 4040 4754 2305
2 2304 2648 4363
2 433 3528 1049
2 3857 4346 3210
2 4691 2804 2196
2 1051 1907 2831
2 4335 3806 970
1 4673 3373 4637
1 1925 695 3966
1 4286 198 2028
1 290 4561 295
1 1501 1322 3310
2 3613 602 3767
1 3599 207 2242
1 4534 3508 1102
1 3685 2674 3947
1 1859 2122 3279
3 4426 3771
1 704 1285 3921
2 2413 526 1990
1 314 1598 4022
1 3723 1666 3546
1 4865 3782 3455
1 1925 3393 3478
1 3142 1951 1500
1 428 2773 595
2 4899 2784 4744
1 4351 689 2219
1 473 52 4738
1 3468 3015 3181
2 2370 1679 2555
2 486 1007 3148
2 535 3010 214
1 3969 3161 4473
2 1170 694 3906
2 3774 2301 4203
1 3936 1179 3777
1 772 2752 3957
2 151 2558 284
1 1485 623 2487
1 2218 1580 3836
1 1464 1854 1851
1 2980 2259 601
2 4115 2836 3696
2 3625 1265 525
2 1431 4550 697
1 76 2209 2737
2 4626 745 15
1 4866 3922 2206
2 887 1502 4265
2 3517 4731 3661
2 594 4108 4098
1 1709 3544 2134
2 2171 3221 4986
2 974 3201 3275
1 959 3949 1274
3 1506 628
1 876 1875 3451
1 4451 732 1452
2 210 471 2951
2 3109 2806 4314
2 1620 2083 2510
2 708 4065 4040
2 4628 718 2050
3 3814 3682
2 4860 4036 1266
1 1463 3780 1384
1 3075 4089 4625
2 4825 3947 995
1 1754 86 1103
2 4356 3665 4218
1 1180 3870 1198
2 1724 4533 766
2 4076 3526 2693
3 4120 898
3 2083 43
1 847 2047 3992
2 4406 18 1404
2 2765 2051 280
1 916 3969 2862
2 2421 1611 4185
1 2642 4849 3532
2 2448 2815 1156
2 1511 2689 3961
1 678 2931 3410
2 2136 233 2950
2 318 3890 1179
3 2120 1843
1 3094 2367 1185
1 2440 1829 2256
2 3329 4363 4085
3 3938 129
2 1451 1227 1543
2 148 3664 4619
2 1435 1304 2993
2 2449 1258 4931
2 4101 3026 2132
2 2545 3013 3320
1 472 3093 2985
2 1276 3634 1011
1 4738 1305 3777
2 1939 481 4037
2 1374 2157 4612
2 4182 2686 1456
1 222 86 4940
2 1829 732 1492
2 2494 2223 1890
1 3127 3499 2490
2 300 728 1879
2 2250 2149 2691
1 1381 4827 675
2 1511 840 4937
2 493 1441 1713
2 2277 4028 4036
1 3289 4233 320
2 4410 3550 973
2 263 399 81
2 2429 4156 1478
2 1597 2456 4079
1 1232 2927 2870
1 4165 957 505
1 290 171 3760
2 391 774 1721
2 1448 4358 4445
1 2099 1636 352
1 245 2262 68
2 611 3632 3990
2 602 2731 992
2 2945 1842 1094
2 4638 2746 3953
3 4391 4217
1 2837 1741 1792
2 3471 4384 3539
2 1464 4041 4423
2 4491 3988 3290
1 721 1500 4606
1 4166 4898 3559
2 1345 3534 2870
1 3132 4196 857
2 4757 1419 728
2 2334 2468 3082
1 334 1663 558
2 2492 584 4210
2 4293 1071 672
1 3694 3367 2772
2 823 1317 4255
1 374 341 2439
2 2009 3057 141
2 23 104 2581
2 2607 3672 353
1 4363 351 4095
3 508 1324
1 791 3268 965
2 2758 1675 3669
1 1751 2765 106
2 3910 3360 653
2 1964 3926 117
1 1561 3771 2689
1 3046 1620 2727
2 3690 3490 809
1 3746 450 1747
2 2472 1081 1510
1 674 1261 2264
2 539 976 2442
2 2033 4504 1297
1 3604 618 2837
1 1233 2879 4244
1 325 584 4960
2 2047 99 4757
2 4901 2774 4676
1 1449 4399 2235
1 3681 4399 3035
1 988 2773 3761
1 3653 3542 1101
3 636 1150
2 2706 4228 1347
1 1395 1099 2875
1 4338 2898 463
1 645 3397 3339
2 2943 2629 4520
1 2830 4162 3149
1 1870 4461 2537
2 3618 2195 4483
2 2699 3124 3067
1 4399 749 982
2 558 4465 3421
1 989 4394 1782
1 3704 4522 458
1 1864 3167 3213
1 3399 1089 2026
1 2352 2965 1813
1 2353 4619 1742
1 4287 2860 3372
2 1489 2750 4480
1 2721 4251 1286
1 2546 2050 3024
2 3606 2799 90
2 727 642 3503
2 4216 3557 3882
1 4037 4603 198
2 4015 8 303
2 4833 1424 4743
2 2751 4728 234
1 3374 3370 2298
2 374 4240 2075
2 593 4050 920
2 3465 3446 3549
1 337 4268 4282
1 4820 3067 2342
1 819 1063 226
1 1846 4260 3922
2 1374 1828 3864
1 3185 2080 1001
2 4841 2287 4437
1 2893 298 451
2 3591 4596 1291
2 4684 692 642
1 3621 3811 2618
3 3591 1683
1 3510 106 2227
1 2470 1388 2466
2 806 4296 4279
1 650 4477 4966
2 3077 3985 1439
2 3610 2619 3794
1 1842 1141 1637
2 1132 3745 2527
2 1943 3071 377
2 3373 4571 4592
1 3300 1047 2813
1 1414 3638 4292
1 4620 1475 2040
2 4515 631 598
2 2759 478 613
2 1561 2399 1876
1 2998 3570 4756
1 4083 4514 890
3 2225 4677
1 4691 4495 2568
2 1067 4395 3238
2 2228 2131 1182
1 3976 4600 2145
1 4655 3718 3414
1 2997 621 1244
2 3818 875 552
2 433 828 1165
1 295 735 655
1 4792 4146 3031
1 2906 1747 1842
1 2003 1343 1434
1 911 2802 3811
2 3318 1357 1527
2 3184 3956 4787
2 4202 2295 2696
1 3499 1815 123
2 3588 628 2037
1 4730 4031 707
1 3879 4888 2447
1 519 4621 405
2 3188 6 1207
2 2618 1723 2850
2 4350 347 2823
2 99 1361 1338
1 1100 4571 2479
2 4821 2498 1576
2 1829 3386 4136
2 55 1946 243
2 1310 882 683
1 1735 2883 725
2 3144 2869 3282
2 482 1929 4271
1 1660 604 2605
2 1895 2363 4625
1 271 489 4357
1 902 602 4501
1 4540 2538 883
1 1211 501 2236
3 1360 4202
2 64 2949 4759
2 2746 2185 2927
1 396 1802 1135
1 939 1629 2278
2 2457 2817 2996
1 3240 3491 4240
2 4160 1299 240
2 976 1383 4357
3 4623 4846
3 389 2875
1 1543 2207 1432
3 138 2921
1 3074 2381 159
2 2457 2609 2497
3 1558 3690
1 893 4794 2485
1 671 3207 2093
2 607 157 777
2 658 2015 2118
3 1969 1398
2 1477 2370 3398
2 2824 2758 4638
1 3445 1254 4788
1 3492 4014 2769
2 4018 3680 4690
2 4636 611 112
1 2816 2069 8
2 472 3128 4140
1 4743 94 1433
2 4433 2058 2903
2 2275 1005 3044
2 4255 2746 4657
1 492 3022 3291
1 4192 2271 1611
1 1866 2081 4575
2 1297 1949 2319
2 1479 2445 168
2 280 3423 341
2 2639 2543 1481
1 4839 1212 2582
2 574 2372 1993
3 1533 328
1 2272 1477 4793
2 795 3452 2845
2 695 1646 4204
2 3744 3773 4206
2 563 3258 3529
2 740 2742 3454
3 1526 3982
1 3943 4364 527
1 3052 2022 296
2 3542 438 80
3 3843 4809
1 2830 4001 2380
1 2331 152 1519
1 1416 1562 4220
1 2963 3284 2801
1 2721 2665 3719
2 4235 3113 1668
1 2491 3221 1968
2 4748 2676 696
2 4142 2001 3559
1 2818 706 4496
1 421 987 1445
1 2889 2993 1307
1 2169 3055 4643
1 2513 4668 3283
1 829 3577 1083
1 2735 1538 1617
2 2928 1851 3085
1 2159 1106 4317
1 3965 4322 2347
1 3580 4199 938
1 3524 2032 4308
1 4156 4309 2335
2 2619 2931 1851
2 2406 3954 4286
1 2785 4710 1448
1 450 4514 2743
1 4330 3619 3732
2 2658 674 421
1 2835 4464 1929
2 1618 1763 775
2 638 3948 31
2 3233 1338 4295
2 3250 145 855
2 4109 1467 677
1 4145 3969 2570
1 2521 4228 644
2 2556 3402 2418
2 287 1064 3867
1 1671 554 2983
2 2623 2086 3732
1 2161 3336 4338
1 1401 3514 1968
1 528 1261 2181
2 4877 4781 7
2 4317 785 2504
1 677 2765 2075
2 1763 1113 36
2 2115 1239 3669
2 2727 3584 1450
1 4863 4079 1222
2 4431 4723 955
1 177 2097 679
2 308 2259 3305
2 4241 1087 4680
1 1636 1844 1724
2 223 1364 3115
2 370 2543 142
1 3597 3523 3081
1 3235 4483 1726
1 1001 1257 2659
1 2886 3728 1791
1 981 3709 2001
2 3402 4840 4577
3 2213 2823
2 952 2683 2246
2 2740 159 4160
2 1901 4437 3677
2 1642 4635 4947
1 4214 671 2857
1 1218 2730 3542
2 3076 3419 3227
2 4476 1840 3531
2 3048 369 34
2 1282 2929 2387
1 4453 4206 689
2 1390 1440 4839
2 2268 2794 2352
1 2423 501 144
1 1191 4841 3928
2 3269 2394 3246
1 2655 1788 2291
1 1533 4495 771
2 1474 4227 72
2 2031 2305 4024
2 3129 1736 3970
1 2824 867 3005
1 2533 3547 4450
2 1316 4242 3141
1 4891 4098 1759
2 1376 3345 983
1 1843 4578 36
1 793 4788 2245
2 870 4164 3537
2 4041 1738 2671
2 2762 2230 4800
2 909 1212 2792
2 4724 3307 3856
1 20 230 855
1 2965 3894 3356
1 1700 2781 2270
2 2359 3212 700
1 339 1712 2981
2 1761 4620 4098
2 1161 3360 3855
1 1301 3453 2270
2 3882 2365 4523
1 2247 2238 3569
1 4362 4309 4563
2 3288 2300 2492
2 3247 3722 1872
2 1534 1153 544
1 1459 2487 3930
2 4543 4602 1287
3 2986 3986
1 1716 4538 4769
2 3826 326 4085
2 1258 1397 4256
2 3563 247 2431
2 3066 2422 931
1 4005 3006 4794
2 574 746 1837
2 3676 4526 873
1 2474 3394 4630
3 688 4832
2 4251 2479 2607
2 3607 4163 3226
1 372 2340 2978
1 4047 445 4582
2 396 4358 791
3 4376 3425
2 2760 1110 1447
2 1611 285 2773
1 2325 797 2652
1 1123 3726 1449
1 4784 2597 3285
1 4610 3873 1782
1 1038 3554 2893
2 2989 65 2871
2 760 2813 3973
1 1521 2187 3395
1 1290 1454 1412
1 52 3885 2508
2 2782 2807 821
2 2999 3908 1515
1 707 3260 2400
2 4290 1230 4905
1 2565 708 4206
2 2562 4842 206
2 4686 4247 1601
2 2375 392 1068
1 3095 1427 2105
1 1978 1732 1900
1 526 3013 1319
2 341 3574 1766
3 79 1729
2 458 281 2605
1 1751 2565 4026
2 4649 1752 1120
1 738 3756 297
1 4565 550 129
1 4390 4388 2458
1 2852 3773 504
1 3792 1439 2878
2 1419 1128 3344
2 2834 2797 2663
2 2092 1284 4120
1 2373 3092 2357
1 3559 2415 274
2 378 863 1377
2 1526 812 1607
2 3267 1523 1332
1 4107 720 4407
2 2635 4064 1720
1 1114 3966 2901
1 1014 1697 1557
1 1165 4015 216
1 1619 3813 181
1 3130 1003 1569
2 2721 1391 2039
1 2957 4760 1635
1 1039 2640 3334
1 1328 3612 3541
1 2852 4350 2154
2 3679 432 313
2 4391 2464 1972
1 502 274 4576
2 665 2839 1558
1 1355 4428 2859
1 965 3275 1056
2 3694 3483 3658
1 4590 3460 1027
2 289 2073 1935
2 2973 4044 2832
3 835 1620
1 3151 1805 1345
2 1123 3364 2855
2 4041 232 3702
1 1859 3398 2995
2 26 1095 4976
2 734 2779 626
2 2709 142 2817
1 3471 3708 515
1 35 1960 3936
1 2446 1130 3975
2 4133 2449 2160
2 3258 1265 1777
3 4354 3755
2 611 2069 3480
2 3169 799 693
2 3864 2208 182
1 3671 1415 1004
1 3973 3545 1028
3 809 1835
1 4335 154 1778
1 287 1245 2575
1 2276 798 3755
1 2680 3766 2590
1 661 3559 1438
1 4510 2276 2860
1 1338 2610 3213
1 3334 553 858
2 194 2434 160
2 1909 2512 4689
2 1563 3031 2066
1 1397 2556 1539
2 73 4053 1746
1 599 3806 3464
2 4882 3236 2434
2 4773 2841 985
2 2002 372 4363
2 4334 3068 40
2 1027 4273 3389
1 2682 130 3332
1 2014 1676 658
2 544 742 4856
1 44 3693 4339
2 1942 2541 4237
2 3445 2450 2249
1 304 2471 4674
2 4101 2978 1293
1 4815 2217 1002
1 896 3290 2751
1 2996 4296 765
2 4348 3143 1065
1 1822 3612 3452
2 3663 4068 1524
1 3155 2566 4489
2 937 2585 1880
1 2517 2183 3604
2 2741 3367 424
1 1385 4586 4462
1 1606 2273 963
2 1580 48 2624
2 2816 329 603
1 973 2782 1740
1 2053 838 1488
1 2513 369 3442
1 2059 4473 149
2 2963 3110 419
2 3708 2027 4385
2 4332 2274 768
2 46 896 1630
1 1227 2485 4083
2 3400 3367 1365
2 1889 4135 3164
1 4786 4751 2910
2 2517 3605 4004
2 661 1786 4571
1 4212 1833 2213
2 4107 3335 2893
1 1592 833 222
1 3069 4255 437
3 229 1815
2 1227 4143 2140
2 2464 3606 610
3 3514 686
1 2855 1030 125
2 2140 1748 3401
1 1552 4481 4958
1 3194 3103 4514
2 4304 3454 3421
1 4720 808 3269
2 1177 929 1788
3 4863 1067
2 915 3998 1610
2 4371 1856 769
2 2049 3154 3418
2 3053 2709 2907
1 3061 4845 4060
1 2585 4158 1212
1 1078 851 4306
1 1703 333 2868
1 1542 4602 4131
2 4185 4601 309
2 2296 558 3466
1 4177 4313 3512
1 4080 4770 1960
1 4567 3951 2534
2 2733 2425 396
2 3337 1546 1775
2 2822 2455 3929
2 3509 834 4494
1 3769 4633 2159
1 2175 4412 3554
2 3039 2212 4999
2 4137 2320 4212
2 2090 2397 2299
2 3553 584 2039
2 611 4181 1419
2 3561 2886 1298
2 1827 658 1080
2 3009 1849 3911
2 751 4661 1939
1 1731 4692 4551
2 2012 3437 2566
1 2051 1596 2395
2 2637 2164 4144
2 2001 2866 4387
2 1039 2554 4605
1 4161 4312 4945
1 669 981 3475
1 4753 532 4558
1 670 4187 2997
1 287 1876 1195
1 2349 2109 3595
1 2146 3733 2624
2 1387 431 1782
3 4478 55
2 2729 1743 3223
2 2284 3988 4186
1 4506 456 3672
2 4098 3225 3511
2 2363 4286 1465
1 3739 4520 1810
1 3923 709 3067
2 695 1689 890
2 3845 220 3008
1 2991 1716 4473
1 2283 3341 1808
2 67 1268 504
1 4814 1578 1804
2 1218 2590 1552
2 3484 337 2653
1 1292 3579 313
2 2262 2653 3125
2 3324 362 3573
2 2719 3418 1267
2 2618 3579 2261
2 3379 310 1003
2 657 795 322
2 2815 1462 3123
1 4421 143 2964
2 4841 1117 4182
2 4234 4903 3965
1 2048 1546 1484
2 4142 4716 470
1 1190 970 2718
1 528 2625 1296
1 350 1800 2853
1 1537 4680 1283
1 1146 1221 1475
2 1435 274 3409
1 357 3432 3384
3 172 4346
2 25 2040 1285
1 3992 2519 3170
3 3327 2001
2 4283 1560 3023
1 1202 1942 1220
1 3619 107 2106
2 815 4352 281
1 896 2459 3053
1 4332 1265 105
1 1700 3430 4041
2 3635 3300 4638
2 219 2641 3166
1 1347 2382 2298
1 3455 4907 4103
3 3441 4840
1 3900 1507 4459
1 4062 1553 3633
2 141 340 252
2 733 4810 3277
1 1181 3010 1627
2 4451 1388 3644
2 320 2328 1016
2 4689 2890 406
2 2916 4070 4733
1 2624 155 693
1 211 4145 3859
2 2681 3327 3417
2 4534 2450 83
3 1051 1962
2 3043 1410 1765
2 3559 4183 4708
2 1393 4462 2531
2 1910 2742 3973
2 3012 2304 1006
1 53 3853 624
1 1543 2163 1367
1 1524 4604 3789
2 2028 1615 2279
1 1647 2700 3085
2 4084 3059 3046
2 4501 593 850
2 241 1924 4734
2 2902 2769 2820
2 578 769 3408
1 2178 2513 2084
1 3853 1525 453
2 3948 3833 4547
1 3177 88 3285
1 4480 3953 2251
1 4208 4273 4626
3 914 3862
2 4067 747 2461
1 4813 1712 4295
2 998 3226 4703
2 1481 1337 4829
1 3517 2345 1504
1 3085 2939 448
1 1528 1335 4962
3 2288 2928
2 4415 3926 2382
1 1782 1089 2550
3 368 3145
2 2396 4819 3820
1 4319 3321 2424
1 1542 1868 3137
2 1538 3019 3215
1 1275 291 4185
1 792 136 644
2 4416 3161 458
2 4010 600 1008
2 688 1603 4134
2 4845 3079 1035
2 4016 3062 1151
1 3748 1701 4223
1 4514 3896 2589
2 4289 3791 1998
3 3385 4024
2 1246 2989 4774
1 1507 2363 2533
1 143 1827 51
2 1887 3823 2201
1 4906 1328 780
2 3470 1350 990
1 2759 4654 492
3 3265 1818
3 3290 2705
1 1749 943 2208
3 3477 2643
1 1711 456 551
2 2143 997 4750
1 2488 4635 1203
1 4470 3470 102
1 3237 3478 4526
2 2735 2107 3921
1 2616 4374 752
1 1702 1953 3424
2 1622 911 2578
2 119 2470 987
1 873 607 4037
1 2840 1698 4524
2 894 4113 1274
1 1764 291 2996
1 1566 3045 1291
1 2177 3268 1388
1 640 709 1800
2 3951 3609 3389
1 121 1127 2195
2 458 1229 2191
1 3762 1738 1467
3 1869 1040
1 2579 2260 3643
1 4768 1433 3237
1 593 1103 4227
2 4266 3651 619
2 3266 4636 2597
2 223 818 582
1 1785 2936 4872
1 3961 3973 2632
2 3846 2280 4975
1 4252 4547 3650
1 3644 4051 1002
2 4329 501 3989
1 305 4296 1779
1 1949 4848 3489
2 4819 3442 3146
1 762 435 1601
1 1605 3330 3984
2 1167 768 980
1 1857 1113 614
2 1065 1847 2187
2 4593 2179 1125
1 3686 3623 385
2 3700 3571 383
2 1336 1309 5
1 714 1574 4348
2 4091 48 1201
2 1515 1220 3877
2 373 4745 2854
1 870 1980 1388
1 2861 1946 2533
1 3146 1979 1753
2 3930 4156 1774
3 3990 4894
1 4314 454 2523
1 771 2434 3105
2 1398 1180 551
2 1899 4821 2309
2 935 2467 79
1 3023 4778 4971
1 4762 2644 2266
2 1780 1292 4673
1 1221 1188 2042
2 868 4681 840
2 3946 2277 2742
1 524 3306 1377
2 542 3611 1953
1 3869 2686 1148
1 4230 3019 1107
2 4099 4161 1276
1 2667 935 4678
2 413 2648 2168
1 4646 2535 3738
2 506 3318 1041
2 3782 1803 3728
1 1952 4846 3570
3 401 68
1 230 2313 2874
2 2251 3008 2951
1 3952 3747 4491
2 4527 3747 1689
2 1994 886 366
2 1775 3272 1611
1 2310 3535 2284
2 2237 879 1227
2 2927 2885 1373
1 4708 1458 780
1 1351 3329 1763
1 2514 1936 1493
1 1703 1002 3191
3 740 4705
2 2383 107 1882
2 4780 1855 3609
2 1015 4228 708
2 433 4852 2237
2 3387 4398 975
1 4727 300 710
2 1119 4262 3220
1 2729 114 3493
2 885 2030 4484
2 3008 4469 1139
1 4570 4693 3128
1 92 735 1714
1 2303 959 1472
1 4474 2055 4938
1 3414 2611 4230
2 2628 160 2964
1 1969 4335 803
2 3023 529 1666
1 3064 3421 1119
2 2684 4325 4476
1 881 1033 1261
2 3198 3456 1395
2 3328 2882 1956
2 2818 3427 4912
2 513 4745 222
1 1629 3975 1645
1 2445 889 539
1 4504 2902 3770
2 1847 3580 3310
3 250 1402
1 915 3197 3974
1 4456 3711 4960
2 157 4805 3957
2 35 3041 3612
2 4771 1879 2187
2 3470 3755 788
1 2220 610 1379
1 106 1337 889
2 4409 1850 4236
3 810 2337
2 4112 3997 3040
1 2101 4860 3567
1 292 3038 2704
1 3128 4148 1170
1 2694 2473 2716
1 3306 4537 1631
1 272 428 2318
1 418 3860 2501
1 1717 429 4384
2 2423 193 3639
2 53 4879 4072
1 573 180 1093
2 3157 1191 338
2 3685 4273 2872
2 901 4028 2365
1 921 3313 410
2 580 4519 587
1 722 428 4555
1 4674 1564 3069
1 2575 4198 3044
2 4419 1880 1044
1 3508 1292 166
2 789 3800 2408
2 1948 2835 979
2 3897 3664 1619
1 3069 644 1995
2 1076 1149 3414
1 4342 1182 4959
1 842 1976 3434
2 3795 3420 64
2 4000 1845 112
1 2871 4319 2992
2 4625 359 224
1 1592 4864 1183
3 1909 2535
1 3910 1438 102
2 2598 2670 1692
2 654 3861 3871
1 4122 1259 699
2 1600 1460 698
2 2545 2270 552
3 1524 1102
3 4137 6
1 399 4437 4522
1 1440 521 3787
2 3598 3332 2818
2 3244 4776 1539
1 2320 1172 4832
1 3699 3584 2989
1 925 4256 1989
2 4860 916 787
2 2735 2632 922
2 1094 4227 4782
2 1227 4370 3921
1 1099 3425 4999
3 226 1354
1 4030 1663 3510
2 4859 3840 3446
2 892 1713 2853
2 1441 449 2110
2 829 948 653
2 1513 413 1588
1 4241 3827 2439
1 1674 2014 872
2 874 1653 2748
2 3274 4093 3203
1 3675 4191 1268
2 4761 4658 4695
2 1428 3521 1393
1 4412 2441 2579
1 2198 4144 1292
2 1132 2278 1090
1 627 2206 3829
1 2018 882 2869
2 942 3612 2686
2 296 759 971
2 4489 2017 32
2 3528 4015 2823
1 475 4230 4836
1 1461 4339 865
1 1698 1946 1491
2 3099 3235 171
2 3501 2343 109
3 3734 1399
1 4508 4358 3644
2 4415 1618 4343
1 1463 3952 2569
2 4442 2304 2228
1 3794 3719 4309
1 2614 1693 2469
1 1863 1462 1216
1 2160 3827 3065
1 1324 686 3517
2 1378 2518 107
1 3178 3245 715
1 3483 2247 4012
1 2654 12 915
1 4879 1217 1739
2 822 4356 4264
1 3717 4594 2123
1 1762 4436 2985
3 2068 1545
1 3142 1757 1336
2 1773 3993 1999
2 4100 1159 2006
2 1958 1351 3574
2 1224 1892 1779
1 3624 3754 1936
1 1610 274 2530
1 2819 860 841
2 16 3726 3026
1 632 4692 2279
1 2072 2336 29
2 884 4491 3836
1 1973 4448 4467
1 456 461 4650
2 74 1893 935
2 2469 4834 3794
1 2433 4488 1440
1 3504 2370 3507
3 380 2706
2 2598 3769 1248
1 199 3306 2015
1 1090 2410 3881
1 3666 1348 2464
2 31 4209 3735
1 1373 1333 1146
2 116 1912 595
2 87 2950 2527
1 3438 1812 3039
3 2530 2726
1 2726 3707 1787
1 3439 1515 109
1 3005 883 3720
2 648 1219 4601
2 4443 4773 2576
2 2300 388 4539
1 271 4321 4347
2 1521 1171 2828
1 3337 1753 4210
2 234 2966 4615
2 2038 4179 1454
2 2195 4044 4059
1 1143 2696 2721
1 3039 4593 3346
1 4243 2882 154
1 454 342 3645
1 3870 1099 757
2 588 4330 4805
1 77 1792 960
1 499 1343 218
1 4166 3247 1326
2 2962 4536 2871
1 394 554 846
1 2546 3694 890
2 207 1975 3540
2 495 2744 1399
1 3438 1162 4182
1 1050 1487 3118
1 1673 2850 911
1 2474 4691 3167
1 3638 660 3263
1 1101 3161 68
1 4868 963 4095
1 2137 3038 798
1 3377 315 1073
1 316 1612 4085
2 1741 3103 540
2 3856 4840 1059
1 469 4322 2931
1 1695 3975 458
1 140 1020 4743
2 933 1952 1264
2 3377 2934 4951
1 2488 207 4409
1 4818 4525 3406
1 3504 1601 1060
2 411 3796 2908
1 3685 2591 2827
1 3281 3509 3403
1 3099 2125 1359
2 4251 1236 3986
2 3527 3110 2761
1 4592 4333 3236
1 3805 2045 1065
1 3057 2772 945
1 1020 3851 3978
1 2545 3196 1659
1 1650 146 658
1 4291 261 130
2 3417 2797 4349
2 650 3001 1263
1 4685 1259 1851
2 399 2717 4595
1 1513 2776 636
1 2130 969 455
1 1389 3619 3666
1 4579 139 4197
1 150 1773 1222
2 1105 219 4733
2 3008 2877 960
2 3649 4324 904
2 2046 445 2155
1 1988 106 2808
1 4608 1578 446
2 2840 3219 677
1 991 2083 3938
1 4345 2632 3808
2 2047 1500 4818
1 4 4499 3994
1 2731 2492 693
1 2137 4582 125
2 3939 2082 3590
2 3749 502 2065
2 579 4857 3035
1 4644 3349 415
1 1713 1874 2024
2 923 4831 3208
1 3638 2693 4141
2 4396 3772 3214
1 1445 1862 1762
2 940 3344 4129
2 1756 4015 3433
1 676 4290 3306
2 2516 1363 4034
1 4856 283 3611
2 3316 1594 240
2 4893 2925 4899
2 2234 2374 1714
2 481 3831 877
1 736 3688 450
1 1361 4760 1466
2 166 2350 1913
2 994 3307 4185
2 3870 2368 168
2 1405 3759 2029
2 4204 1650 3935
2 2595 1516 3678
2 2622 1433 1712
1 1109 733 3806
1 961 800 3700
2 238 4605 4628
1 3522 4848 4315
2 3342 4488 3315
2 3611 2999 4064
2 886 2098 1267
3 1945 3576
1 532 4911 3326
1 3657 3034 1219
2 2185 4399 2787
2 1189 3270 540
2 4757 2621 3277
2 185 3585 1165
1 1323 1891 28
2 3603 3733 2976
2 1987 1321 2282
1 2672 1498 4422
1 1138 4518 1135
1 3994 4747 2448
1 1745 2484 2868
2 4334 3554 4614
2 2525 3961 978
2 3596 1153 2347
1 2815 252 3170
1 505 32 550
3 3470 221
1 3373 1234 3521
2 661 3570 4838
2 415 2660 4204
2 1495 4639 2660
1 2835 1573 994
1 2338 665 3831
1 2212 4092 170
2 3085 1552 3050
2 4396 4059 341
1 3122 2264 1837
1 517 2515 1958
1 1292 920 1570
1 4505 25 4821
3 3549 2632
2 4285 915 3026
2 4266 1428 4522
2 1125 3934 279
2 3975 4610 1200
2 2068 3321 3124
1 1221 2208 1636
2 2622 2356 2276
2 4744 3603 4989
2 1571 790 1982
2 769 1070 1982
1 4313 1758 1692
1 4578 3384 3112
2 4216 3673 743
2 4775 207 3874
2 1034 702 2927
1 957 3578 4079
2 1043 2351 295
2 1402 118 3255
1 2081 3591 3982
2 4870 4303 1251
2 2868 4706 4277
2 4186 4262 3637
2 4430 3353 463
1 4567 894 3781
1 1893 65 2499
1 4266 3418 3588
2 1903 589 420
1 126 1342 899
1 4886 382 4680
1 676 2742 3468
1 1293 2784 4019
1 4393 3098 1079
1 1255 1050 2452
1 284 4332 253
1 4030 1140 1638
1 3812 3605 4127
1 629 587 88
2 454 1673 255
3 1203 1244
1 4071 3168 4525
2 3864 4778 482
1 2158 853 2922
2 2733 1710 4500
2 1606 4806 1184
2 3636 1460 1635
1 3031 3473 3039
1 1646 2829 1512
1 2585 214 1304
2 1765 779 819
2 1633 1220 1596
1 4458 4665 1311
2 3708 1319 1453
1 4103 4162 2211
1 571 2981 2650
1 1357 771 3681
1 4254 1805 2750
2 3210 3469 4921
1 2880 2347 426
1 2901 384 374
1 3059 4287 1381
2 1684 1439 1511
1 100 1906 1354
2 3063 3449 510
1 4725 2484 4162
2 4776 3358 1643
1 3807 4393 4612
1 4576 3533 3265
2 48 1837 1995
2 358 1247 2023
2 1603 4308 263
2 2342 2718 4911
2 2716 1249 2433
1 913 443 1194
2 356 4669 386
1 2090 147 3672
2 4324 126 3652
2 2047 1155 1315
1 1906 2815 2671
3 3644 78
1 2353 2431 3076
1 533 3856 3868
1 2951 4319 4141
1 522 877 1108
2 1279 4906 2538
1 2063 2185 2556
1 30 1900 2908
2 4366 2121 4214
2 2911 4714 1996
2 2615 587 1523
2 479 4199 1532
1 4652 1087 1036
1 2233 3055 2932
2 448 4214 1993
1 3194 3128 3125
1 599 3521 3012
2 2615 4652 1088
1 2664 1243 3526
1 559 2737 3423
1 2281 183 2544
2 3417 956 2810
2 3290 2961 2906
1 1808 4895 1922
2 3393 2464 2374
1 781 3170 4656
2 2907 4539 4373
2 3989 4826 4390
1 1182 4074 1536
1 4101 2649 108
2 3255 4062 4000
2 2838 929 1619
2 3810 3678 4333
3 455 3683
2 1092 2161 1761
2 1010 4649 226
2 207 4392 2253
1 4764 4257 4467
1 4350 4743 1785
2 3389 2953 889
1 111 1408 3752
1 1710 1226 3334
1 2053 1616 2617
1 4496 2408 1226
2 1366 1889 4710
2 1064 2597 1134
2 541 4407 4567
2 3032 3752 4083
2 759 918 2247
2 3187 3579 2867
1 1234 3057 989
3 3249 1896
1 1851 2463 3451
1 987 293 3453
2 851 3329 1121
3 2969 4030
1 2470 3072 4618
1 3842 4326 4380
1 1302 260 85
1 2732 2384 686
2 1407 4804 1964
1 2737 2481 3040
2 363 1989 1384
2 1094 1563 1620
2 3898 3655 3769
1 2951 2089 434
2 2058 53 1306
1 3592 364 2723
1 935 2010 3370
2 2402 4872 600
2 1259 957 2467
2 482 2762 4155
2 492 3662 3861
2 3609 4035 3579
2 2744 2144 2171
1 4046 1950 3012
2 2707 4568 4500
1 700 1423 1564
1 4865 2592 4562
1 1202 4672 3030
2 18 67 1085
2 3939 3801 626
1 1364 1048 3792
1 1156 622 2225
1 1498 1530 2218
2 1100 746 2244
1 44 1421 2853
1 4462 1011 1805
2 3231 1880 1601
1 3619 2267 404
2 4521 1162 4273
2 1834 4541 634
1 2275 1499 652
1 22 4453 4457
2 4750 4582 4540
1 4600 2079 128
2 3594 4048 794
2 1258 1499 2146
1 2514 1430 847
2 1696 3476 4144
2 2513 4718 2179
2 1111 4734 3377
2 180 4149 3400
2 3057 3367 3264
1 991 4036 3415
1 894 3822 3205
2 3437 4785 2800
2 679 3869 129
2 3861 2705 686
2 4424 2570 2222
1 1735 3579 1472
2 55 2174 3076
2 4872 3148 2904
2 2863 1243 2620
2 911 1005 2062
1 4242 455 32
2 2098 4050 37
2 4183 4538 2327
1 768 547 2604
2 220 158 1244
2 3668 3744 4997
1 1956 3264 647
2 2736 888 1593
2 3601 1693 2826
2 344 1931 648
2 4446 4083 4261
1 624 4577 820
1 2810 1789 4785
1 4048 3997 1967
2 4394 4456 671
1 10 1578 3615
2 2513 3997 3241
1 1036 3927 1016
1 4243 787 1614
2 2912 1823 4633
2 4301 2374 417
2 4326 2654 1700
1 4529 1739 4451
1 560 1689 362
2 3822 4339 1219
1 966 647 4060
2 1797 400 1908
2 4065 424 1002
2 1025 3686 4742
2 4368 7 2822
1 3949 1777 4787
1 3767 1351 625
2 4220 3215 3187
2 4329 111 4676
1 1681 1223 1670
1 3259 1364 775
1 677 2257 1256
1 2557 3244 1549
1 489 2299 4471
2 2579 3767 1781
2 3102 1800 1326
2 485 2920 3448
3 46 2052
1 1196 2216 3977
2 4372 4061 1661
1 4318 1732 2279
1 2086 3684 120
2 3948 4861 324
2 3883 3887 821
2 1188 3239 4545
2 2854 3120 1040
3 513 923
2 4600 2783 4439
3 4365 2352
1 304 2261 644
2 3074 3395 456
2 4824 1898 3969
1 4902 1902 1374
1 621 4746 3870
1 3360 6 4104
2 4181 3318 2853
2 3868 2022 3369
1 4881 622 4109
2 1961 2416 2120
3 1247 3394
1 83 969 4143
1 1964 3460 1306
1 934 3152 4087
1 4766 2496 895
2 158 2853 1056
2 1740 659 3731
1 2525 1033 988
3 3806 3348
1 4885 333 2364
2 463 3200 3257
1 4808 990 4025
2 2490 4759 2686
2 1154 1181 2844
2 1400 646 4508
2 921 4266 229
2 161 84 3822
1 1531 2210 2318
3 1653 3337
2 1900 1597 288
1 2031 3160 3096
2 3944 3524 2371
1 1772 1554 2682
2 941 1032 34
1 3083 1338 3643
1 2427 4328 4492
3 3706 136
2 2870 697 2947
2 1959 1998 3711
2 766 2181 3127
2 1903 2040 1204
2 143 3857 635
1 3945 3466 3900
1 3076 473 3838
2 2266 929 185
2 4389 4864 2842
2 1593 999 1602
1 4339 2069 960
1 4118 1676 226
2 3268 641 1928
1 4727 2251 2730
1 1858 33 2252
1 1077 1884 4433
1 3795 3693 1181
1 4887 4701 1466
1 74 3764 4412
2 4586 1466 3445
1 821 1646 874
1 3338 2026 819
2 529 2760 2031
2 1917 950 1102
2 4214 4785 1917
1 1714 3957 1070
2 1877 326 4613
2 817 731 932
2 1068 52 1583
2 3460 2837 361
1 963 55 4750
2 1324 1553 3255
1 4114 4008 2641
2 305 370 78
1 938 4082 1474
1 4456 3990 3143
2 3799 3493 2938
2 2049 4019 1291
2 626 3256 3305
2 9 1239 3988
2 535 1156 2985
1 1148 4534 2474
2 3654 607 2163
2 3671 4331 4078
1 3139 4254 4136
2 2927 3789 4498
2 336 3754 4528
2 1180 2060 2973
2 219 3644 1518
1 3605 2225 2730
2 4878 3192 3329
1 3900 2515 1434
2 2797 3307 1178
1 4254 1513 2052
2 4628 1358 1268
1 1182 4078 891
2 3549 2610 3398
2 2077 1697 71
1 3532 4368 1514
1 3114 190 3337
2 1745 3043 3545
2 3862 1003 731
1 4632 4016 492
3 4334 1969
2 2055 791 1539
2 319 2364 4160
1 2292 348 3840
2 3560 442 2645
1 3306 2826 3052
2 1440 1861 2614
1 2355 720 4760
1 1726 4532 3347
2 24 4370 3244
2 4841 3590 4029
2 1439 4907 4299
3 4400 1797
2 3808 1294 740
2 4372 4048 4349
2 1827 1921 928
2 1546 4641 2037
2 815 4827 3730
2 4699 3411 2479
2 4092 2667 4217
1 2666 389 4778
1 79 1740 2815
1 1210 2581 2377
2 784 763 349
2 1576 2271 3276
2 4164 2098 4468
1 2798 180 3052
1 4573 3013 4452
1 3401 470 1907
2 4446 4365 4911
1 239 596 1497
2 3534 1586 2630
2 131 3507 3343
1 1909 2306 3514
2 2396 3156 4502
2 776 241 1451
2 4178 4399 1184
2 1876 1174 3899
2 3344 2270 133
1 3993 3734 1587
1 558 3803 2222
1 1007 898 268
2 2742 101 933
1 518 1833 4774
2 2419 4432 633
1 3112 3611 1955
1 507 2534 589
2 1473 4783 3124
2 1334 725 3906
2 3155 1226 2650
2 2553 3279 2567
1 2534 3716 270
2 3164 3475 95
1 4574 1484 2752
1 579 1216 2914
2 3437 655 2994
2 2917 2634 4385
1 1701 4614 4341
1 2390 4327 4190
1 2194 3225 217
1 88 3783 3641
1 494 2025 2097
2 718 1660 1019
1 4125 359 180
2 3853 755 101
1 471 573 3372
1 2040 464 2457
3 1348 3586
2 3584 2213 1567
1 4112 3029 934
1 4338 4858 1880
1 232 2519 922
2 3543 2564 613
1 4623 4252 3103
1 3520 3310 632
1 3731 1123 2838
1 3174 4221 2193
2 4701 4253 503
2 961 1273 3089
2 2612 2336 2436
1 3355 4053 2674
1 776 4049 1134
1 1445 3847 4908
1 3986 971 2550
1 4854 3015 1072
1 2410 4577 1789
2 679 2108 1695
2 2537 465 931
2 3186 2761 2250
2 4221 1086 2386
2 1123 1154 1603
2 1415 1697 3995
1 2719 660 4890
1 4073 4344 583
3 1428 657
2 4017 898 1742
2 2760 1274 2759
2 4235 3984 1450
2 2124 2270 1663
1 974 4275 2172
2 2372 1771 3057
1 1478 2142 117
1 3171 4083 999
2 2868 4643 3373
2 1933 3766 649
2 4646 3506 1006
2 1609 867 3368
1 2810 3621 385
2 693 3512 1109
2 3614 1189 4183
1 2242 821 2993
2 484 3518 529
2 2601 1307 1134
2 1002 4412 4799
2 387 1227 1860
2 70 1034 3531
2 4794 4694 1428
1 1926 3193 2238
1 1607 4287 1928
2 2134 4748 2128
2 3050 3829 3184
2 3890 3264 3939
2 1896 337 2205
2 4462 1869 3273
1 4086 659 3896
2 3598 2884 2200
1 1825 303 3699
2 2940 4066 2404
2 4288 4804 1390
1 2240 333 2524
1 4050 4620 2370
1 4272 120 4107
2 2662 2849 4480
2 3983 3762 1847
1 2119 475 994
2 1404 1121 2212
1 3138 1727 3592
1 119 639 762
2 1642 450 939
2 1745 1566 3977
2 246 3434 1116
2 2745 4192 1395
2 3953 2320 3813
2 257 4189 601
1 1748 1838 1606
2 1592 851 4443
1 1964 4825 432
1 1882 4707 2611
2 4023 4090 3453
2 4510 340 3346
2 2976 2151 1845
3 2586 1140
3 3015 1412
1 3909 612 2873
2 1531 2204 3466
2 1117 439 146
1 4233 4333 3362
2 3787 4328 4190
2 1698 2760 1953
1 2245 673 3046
3 2652 1132
2 1168 3589 11
2 4854 598 744
1 780 1539 2429
2 2744 780 3291
1 2199 217 2430
1 3483 4128 1417
2 2777 3868 1071
3 799 1148
2 1496 111 321
2 1909 3813 1450
2 242 3508 1620
1 1957 4353 4272
1 2142 2526 755
2 1989 4612 4125
1 3541 1142 4981
1 1950 484 2002
2 1079 655 1739
2 1766 3927 113
1 1534 192 2216
1 407 4032 3242
1 4490 155 1155
2 1896 298 934
1 2995 1837 4838
1 4273 2497 534
1 267 2494 1722
2 3278 4799 988
1 3226 3641 2808
2 1808 370 3575
1 2979 1957 4472
2 178 56 3347
1 971 3367 2132
2 1859 4470 1542
2 2788 1972 4741
2 4774 3092 1043
2 784 2950 2852
2 984 1696 1105
2 681 2640 305
1 3266 4138 1652
1 4899 2988 1254
1 699 619 2778
1 3464 2197 1772
2 570 442 4574
2 4559 4456 3956
1 2714 3556 672
1 3174 290 1342
2 378 37 2577
3 4742 3906
1 2242 560 2866
2 2301 4408 4080
1 2332 825 3005
1 3486 1813 4000
1 3363 3934 3298
1 1093 1465 1064
1 4560 2706 4387
1 4275 1239 4727
1 2150 4142 4007
2 4140 2990 1695
2 3167 4760 4289
3 1193 3265
1 2951 4499 2393
2 832 659 1510
2 3629 2707 1512
1 300 376 126
2 3695 3723 600
2 1134 3555 4291
2 1832 3010 3729
1 4692 4577 1326
1 1286 4260 1268
1 2847 1966 1312
2 1022 1689 3619
1 3550 3799 3617
2 4268 1327 125
2 2645 3969 1619
1 2825 3757 4261
1 3574 1758 2111
2 2201 4499 3603
1 4865 795 158
2 3877 1319 3961
3 1268 1431
3 373 3194
2 685 4577 3104
1 2146 3427 4110
1 628 147 749
1 3627 3045 615
1 3111 2334 1753
1 2549 1795 4595
1 2840 9 716
1 1479 1988 2356
2 361 3550 3745
1 2274 2737 2922
2 3100 3665 2767
1 79 3718 4839
2 4251 2170 2688
1 2888 4885 610
2 1630 913 2364
2 582 1891 4614
1 1669 1016 4062
2 1133 3496 2075
1 860 3741 1349
1 1708 2316 4395
1 887 755 3427
2 4752 2895 5
1 4286 3519 192
2 284 4732 1228
2 820 3821 2943
1 10 2342 4537
1 2809 1398 535
1 3667 4135 4803
2 4140 1849 482
2 305 4852 1781
2 719 3428 2977
2 1543 727 1679
3 899 4294
1 674 3907 354
2 1178 1472 2045
1 4011 2835 2776
2 2321 3965 3158
2 2337 815 4248
2 1456 3454 4021
2 4645 1669 125
1 1516 2053 1286
3 1388 4534
2 1379 2934 3256
1 1654 566 3520
1 3164 1620 2965
2 3356 1768 616
3 3035 75
2 3976 3999 2664
2 4887 1231 788
1 1159 322 4754
1 3570 4070 4911
2 2051 1149 133
1 4744 1619 3641
1 323 534 2796
1 4235 847 275
1 1649 4207 2816
1 3133 3681 2558
2 3442 3643 1408
1 2624 466 4034
3 58 934
2 4181 2208 3098
1 4876 1966 557
2 951 2184 3909
1 98 1085 1947
1 2064 3251 1820
2 1004 55 1426
1 3104 1177 2250
1 3125 4765 1588
2 945 3509 3086
1 3117 2908 393
1 4795 4262 4274
1 3122 816 2947
1 4470 3185 1391
2 1913 47 1465
1 3880 2162 918
1 1539 2897 102
1 2949 2748 2023
2 4705 1674 4210
2 1097 1972 2900
1 3800 3453 3959
1 3077 1928 654
2 1201 1280 948
2 2220 4429 1950
2 2189 3963 796
2 3566 2670 3252
2 931 4642 2583
1 2709 3294 2706
1 782 2106 2783
2 1303 1731 2769
1 2021 3524 2179
2 477 1948 1674
1 719 993 4326
2 2273 2778 2374
2 4443 2697 417
2 1806 4745 4805
2 2750 4787 419
2 302 2240 2225
2 2470 4049 3279
1 4806 238 3203
1 3209 3435 3229
1 2726 770 1139
1 1294 4540 3222
1 3347 352 3827
1 3198 539 2028
2 563 4085 2780
1 2728 3104 3519
2 2539 590 351
2 80 4734 1248
2 4601 431 3205
1 2925 2693 3120
1 2784 2411 1838
2 163 4396 2017
2 3188 2465 3748
1 3489 1084 2939
2 372 4526 3736
1 1111 989 1927
2 484 3127 3915
2 2267 4241 1822
1 1476 4348 4405
1 1016 198 1146
2 2656 4731 1105
2 264 323 4507
2 3056 550 4766
2 44 1068 3122
1 4720 2322 997
2 4811 4819 4929
2 1238 4323 649
1 1322 2511 2791
2 3102 3263 57
2 3199 3033 1103
2 3624 2387 3807
1 4691 982 4994
2 1162 3194 1956
1 4788 1589 3359
2 104 4269 3040
1 3409 2479 4673
1 4196 4177 950
1 1549 2939 320
1 3438 4230 3461
1 2413 767 2965
1 2646 121 4991
1 2994 2719 2050
2 716 657 484
1 2513 496 3183
3 3116 1522
2 4745 1554 3117
1 3448 1477 2735
2 1279 3437 4437
1 4532 4095 1462
2 836 961 89
2 2554 2510 1164
2 4335 1999 857
2 107 4330 588
1 1129 428 2750
1 4055 2533 1181
1 3669 2008 1530
1 2367 2347 3609
2 3050 3030 3948
2 4715 1236 3529
2 4035 4072 2247
1 3501 712 2765
1 485 1481 3252
2 2771 4678 456
2 1057 2134 2866
2 1342 633 4673
1 3354 1507 4172
2 4146 4335 1
1 2978 2588 1466
1 2615 1925 1547
2 4646 2890 2981
1 3987 2500 142
2 3002 3199 1263
1 1707 585 996
2 3203 3896 3944
2 927 1038 3742
1 2138 14 1369
2 3172 4011 3413
1 881 910 2779
1 2692 306 3681
1 341 2454 568
1 4831 1724 4381
1 528 4134 1928
1 2849 769 3335
2 205 82 4412
3 1273 2428
2 136 1779 3526
1 452 2871 4825
2 874 3175 4093
2 1376 4735 4793
1 4239 3808 4284
2 4318 1121 3693
2 4467 650 4
1 2593 3812 1102
1 2501 1867 4740
1 3635 2295 2692
2 609 3298 1527
2 1318 3762 2377
1 4431 2448 1885
1 2042 792 4590
1 1818 725 2871
1 183 2573 2676
3 1265 2979
2 798 3942 3804
1 247 4148 4997
2 2728 1604 2406
3 1271 494
2 3813 741 2988
2 2056 912 471
1 4440 4121 2655
1 2437 682 4422
2 1252 2149 1696
2 3479 2640 103
1 69 528 55
2 19 1806 4691
2 2987 1893 15
1 3992 4601 1427
1 4016 2570 3766
1 4389 4310 1761
1 3983 527 2376
2 387 3678 1381
2 4665 2027 1901
1 1831 1495 3624
2 1580 3487 645
1 132 4470 4092
1 1519 4617 3698
2 4607 807 1721
2 2001 1140 1989
1 4444 581 1368
2 4520 4812 1038
1 4879 4840 4258
2 1065 4586 4008
1 4705 4682 3160
2 4098 2617 978
2 3818 4236 268
1 109 130 2749
1 3682 4537 4918
2 3892 3658 1228
2 4698 1979 2712
2 2146 2277 2982
1 2506 1883 2209
2 2743 1158 878
1 1132 2202 4036
3 2600 719
2 2217 2882 1305
1 129 151 4894
2 719 2821 1626
1 430 1506 4178
2 1605 4485 1878
2 2033 1264 4350
2 1551 1503 1528
2 4090 47 1140
1 4144 4457 3081
2 483 3770 1276
1 2326 3883 5000
1 1005 4856 4089
1 3012 1000 4624
1 3443 1302 866
2 3611 2899 2825
2 1919 418 2033
2 2784 4025 3364
1 15 3999 3279
2 46 1699 4475
1 315 1686 1693
2 2225 2732 1766
1 2389 1801 2291
2 3522 2993 166
2 3742 490 2299
1 1439 4838 844
1 4087 2741 2430
2 3039 115 1954
2 2778 518 1980
2 1191 2509 4791
1 471 2303 128
2 926 2300 4751
2 4366 1674 4849
3 4697 2930
2 3579 682 137
1 3209 2439 157
1 1298 3434 1865
2 2219 1812 4758
1 2802 2852 1073
2 964 2698 2796
1 35 3955 3899
2 2399 4201 4912
1 1190 1238 1768
1 1455 3048 3932
2 669 2899 2297
3 3424 3230
1 4754 3211 406
2 4655 2319 4301
1 193 4281 3042
1 3218 3767 1909
1 4819 316 1220
1 2082 667 88
2 976 4357 854
1 3802 4659 3015
1 659 2680 2080
3 1053 4532
2 2806 4305 2941
2 3970 4018 2054
2 3766 1841 4916
1 681 2654 3496
1 1343 1314 3646
2 3661 1983 3570
1 2319 110 1622
2 796 108 357
2 4504 3539 4708
3 4899 2477
2 609 852 4424
2 1508 834 4004
2 1637 2124 3276
2 718 7 1305
1 928 1874 2800
1 469 715 1019
1 4215 4825 2575
1 3472 2986 4012
2 45 2931 2024
2 3747 4036 3308
2 3902 4299 3477
2 4527 1801 2132
2 358 4030 983
2 2878 457 1102
2 5 862 4062
1 4108 1203 762
1 1955 1008 125
1 58 832 1777
1 338 1035 4451
3 3927 1014
1 1712 292 3793
2 570 1495 2252
3 4311 2093
2 1117 4891 3515
2 4065 3581 2045
2 3716 1268 1481
1 4287 3405 293
1 2570 2885 2672
1 504 4071 3192
2 2682 1010 3279
1 4162 398 146
1 4097 4097 745
1 1864 2859 3938
1 4660 4252 1999
1 1059 1713 3291
1 4388 3534 4480
2 1685 2460 916
2 2318 700 2815
2 1534 1391 1734
2 4218 4609 836
2 2092 3749 4676
1 4204 213 272
2 4554 4412 4269
2 39 3381 3412
2 2930 431 4963
2 1646 3441 4298
2 2205 1627 1351
3 468 3160
2 223 2527 433
1 1497 2788 4461
1 669 1161 3852
1 2719 675 1109
2 3023 248 4695
2 1691 4534 3866
1 3280 4113 2284
2 4275 3326 3173
1 1497 364 2995
1 1303 3703 3447
1 4664 1614 2455
2 2326 4668 2570
3 1532 3128
1 338 2466 2542
1 1434 477 3461
2 1885 4781 2004
2 2938 3424 1985
1 408 665 637
3 3518 1155
1 2165 3066 2195
2 2736 3214 2299
2 2289 3233 3398
2 2007 3149 2506
1 4573 2168 1871
1 2092 221 1356
2 69 1183 2440
3 2257 3432
2 926 4025 289
2 2886 364 3003
1 4738 3685 427
1 2811 4410 931
1 180 2274 2207
2 4176 3285 3290
2 4437 3009 910
2 2493 4078 4913
1 3970 2129 2530
1 1392 2 2864
3 3134 1219
2 807 1793 4705
2 3348 663 1411
2 3876 1968 3429
1 2981 4567 3953
2 3312 4314 941
1 892 850 1424
1 4846 263 2937
1 4104 2746 3368
1 3424 762 3835
1 3112 3875 875
2 2112 1178 2252
1 737 1273 3816
1 1528 4023 1581
2 4362 3701 2994
1 4492 4412 534
2 4870 206 3745
2 132 1776 561
2 2094 244 3935
2 4415 944 1999
1 4269 4630 3300
1 283 1197 4825
2 796 63 2625
1 2995 2043 16
2 2376 2463 3367
2 3931 4187 3204
2 868 1134 2656
1 794 224 159
3 2447 1625
1 4862 4692 4330
1 3760 4052 3179
2 2266 1312 3981
1 4867 3426 3105
2 1776 3991 4971
1 1349 29 1732
2 1515 890 4827
1 4858 4450 4983
2 3825 2017 3047
2 125 2330 4418
2 3008 2588 4943
2 2423 162 2991
2 3562 931 2310
2 2388 822 3581
1 1770 2015 691
2 4881 2644 4039
1 4273 1904 2000
3 174 2800
1 4913 1417 1325
1 4433 1365 4241
2 11 3000 3541
2 1169 2459 2443
1 4446 4184 2023
1 3490 4292 1284
2 334 4534 4677
1 390 4438 4533
1 397 1249 2712
2 4240 4141 2183
1 2361 576 4424
1 2250 2772 3724
2 12 2049 96
2 412 1422 188
1 1706 3668 311
2 989 385 1009
2 855 3570 2927
1 779 2713 1330
2 863 3787 4016
1 3604 1924 2098
1 1208 1981 21
2 4273 2782 3529
1 3607 4310 781
1 1149 974 3616
2 1065 412 770
2 1709 2018 1729
2 3674 1376 2212
2 1226 1324 2524
2 1299 3675 2950
2 2161 484 1890
3 941 3228
1 2919 649 2269
1 2818 721 465
2 2897 1822 2508
1 1966 2036 4708
1 1568 2618 3962
1 3649 9 155
2 3398 4321 1632
2 4748 1636 4989
1 2503 4130 1805
3 4847 1536
1 3534 4285 3156
1 2633 1019 4273
2 3792 2401 3165
1 2688 3167 4229
1 340 156 361
2 2485 4669 1368
2 158 1884 3458
2 3164 1124 820
2 2640 2352 2648
2 2696 2501 234
3 3625 3877
2 801 4653 3194
2 4313 915 1303
2 4176 2628 2503
3 4304 4913
2 189 131 4928
2 1569 3068 3943
2 1236 1650 2647
2 4022 2736 2927
2 2805 4072 1404
1 4580 4497 1833
1 4563 3053 642
2 541 2919 2216
1 4401 4539 984
1 404 3487 988
3 4425 4356
1 3707 2389 2974
2 1037 3671 4795
1 1513 863 1415
2 2469 1905 2713
1 4237 3896 4073
1 1666 117 3916
2 1600 4821 1252
1 4183 2005 3549
2 1876 1227 3361
1 2970 2678 1957
2 3014 1027 1690
1 3595 1153 1037
1 536 3760 967
2 4190 218 1237
1 4315 4449 377
2 2861 1906 3767
1 4652 1910 689
1 2271 756 2868
2 2202 711 1641
2 2879 3101 3597
1 8 4365 1929
2 1553 660 4626
1 427 1616 2762
1 2888 1801 4997
1 3246 358 4165
1 135 4089 839
1 4504 4244 1540
2 1906 3477 4689
1 828 3730 1967
2 1951 1883 4395
2 231 4582 2479
1 414 4436 1112
1 3384 3953 1062
1 4224 1799 351
2 10 742 3179
1 4465 430 4601
2 3842 4070 1161
3 2156 4236
2 545 785 281
2 4115 780 2294
2 3315 1061 4170
2 2449 1402 4754
1 1141 2071 1447
2 2988 3018 854
1 89 751 4536
2 3171 4201 3714
3 4322 3672
1 1718 1440 4113
1 1643 4164 4211
1 2464 3900 802
2 2451 1281 3287
1 1071 4323 111
2 3978 1401 659
1 193 4407 1648
2 4319 1714 1552
2 4710 992 904
2 4104 1435 1680
2 539 3515 2886
1 1628 2402 1083
1 2672 1759 1380
1 4051 411 2146
2 3628 415 3635
2 2100 673 2559
2 4517 1722 4755
3 3229 3968
2 3633 1450 3334
2 4770 4662 4259
2 1774 1504 2189
2 2960 1463 798
2 4066 1175 3441
1 4191 4759 993
2 4793 267 2347
2 2799 3413 759
1 677 1693 747
1 2585 2468 448
2 404 4540 1579
2 1855 2914 1677
2 576 435 1052
1 4531 3351 1344
1 2539 4024 2118
1 2312 1325 121
1 185 2760 1324
2 2439 332 2409
1 3344 518 3093
1 2195 4003 2265
1 1264 4416 875
2 3417 3022 3139
2 2406 2679 614
2 3826 1327 4527
2 3619 1810 4969
2 1941 4675 1710
2 241 4584 1099
2 1979 2718 4417
1 129 913 118
2 3319 4566 2698
2 314 1642 1227
2 4632 3931 633
2 3094 2704 50
2 2497 577 2327
3 284 51
1 1089 1561 3054
1 3612 2638 4205
1 1657 1925 3917
2 1575 3884 3299
2 273 2214 2391
1 3643 1568 1344
1 2223 668 1965
2 1439 4348 3588
1 2526 2109 3982
1 3877 2389 2697
1 408 496 2093
2 34 4190 3784
2 2799 1968 4538
1 3588 4157 393
2 4062 946 4775
2 796 795 3583
1 1823 3028 2811
2 1962 2113 1633
1 2593 1974 4505
1 4174 4036 1129
2 1100 4553 249
1 2400 4407 1640
1 4037 4829 3965
1 2131 4768 4590
1 2212 1020 1756
2 1528 1657 1013
1 4224 4101 137
3 3539 4790
1 3223 2078 925
1 2977 3388 1882
2 2492 573 3239
1 3195 2960 2281
1 2261 4703 3874
1 327 4273 3838
2 1367 3567 1926
2 2867 2977 56
1 3721 2566 132
1 2683 2996 824
1 1910 2427 798
2 1125 4357 1073
1 3517 1961 4011
2 4009 1775 4458
2 1875 1571 351
2 2157 1596 653
1 4082 4389 2768
2 2888 3393 3699
1 1559 823 4393
2 1759 4361 3293
2 686 2286 4841
1 1812 1912 4179
3 4478 2350
2 2436 3479 2527
1 1294 4651 2312
1 218 1935 2682
2 3243 2662 4976
2 1928 2664 1349
2 4698 3821 3708
2 4872 1039 1960
2 3480 3480 3405
3 2190 741
2 2343 1722 4940
2 2909 4471 3526
1 3328 2426 3715
2 719 1668 609
2 2309 3273 1434
2 3471 678 642
1 4877 2759 2946
1 1777 2748 4456
2 537 1730 4541
1 4518 3953 941
2 336 3821 2587
3 1842 2021
2 1515 1740 3133
2 3322 4413 3120
2 4459 1014 3012
1 732 104 2135
1 744 969 3770
1 2451 1087 2609
1 777 3831 1886
2 433 1272 551
2 132 2458 1028
2 103 2899 514
2 780 822 4994
2 1254 2730 3378
2 2764 2910 3747
1 1560 3582 4889
1 3066 1544 487
1 666 2849 3256
3 2667 3768
1 2521 4430 1120
1 4275 453 4900
2 933 799 1729
2 1854 2913 4504
2 590 1721 957
2 745 2006 547
2 2450 135 1277
2 4538 3000 1918
2 1289 3171 2578
2 319 3695 4547
2 819 3741 4061
1 547 2108 4873
3 734 842
1 4266 4700 3139
1 2734 313 455
2 3728 4431 986
2 987 3665 3185
2 50 4099 1869
2 4095 3788 2364
1 3125 3532 1791
2 290 734 4707
2 1546 2664 4776
1 3338 1249 2053
2 1144 1052 2818
1 671 4383 460
1 1676 112 2460
1 4663 79 1416
1 4011 3764 2697
2 2952 204 1364
3 2910 2191
2 2339 3973 2839
1 2890 2403 510
2 3026 3870 1059
1 3978 2706 4000
1 630 1105 3889
2 3515 952 2048
1 4477 2628 4961
2 4678 3293 3167
1 2556 4371 3701
2 3882 2562 1318
2 172 3241 1302
1 2058 3569 4071
1 4561 4497 4861
2 2287 3763 282
1 2186 2224 3
1 349 676 56
3 1233 4590
2 3548 1248 603
1 3178 1761 254
2 3677 2366 67
1 1314 3924 4278
2 3458 3775 945
1 1133 2780 1233
2 3785 4102 310
2 4354 2599 983
2 547 367 3540
1 1321 170 2074
2 4004 748 3563
2 4145 415 2467
1 3345 3146 3220
1 4171 601 1267
1 3538 2307 1160
1 3537 1781 3394
3 3482 1452
1 3712 2608 3354
1 4369 4827 3271
2 3301 2879 380
2 4840 999 3739
2 4186 3846 1521
1 1938 793 927
2 1779 4784 2905
2 1361 1916 946
2 2768 1662 959
2 3840 4904 3919
1 3439 518 3562
2 1891 1215 1727
2 2576 3583 2900
1 809 1467 3129
2 3359 1380 3693
1 3027 1226 1000
2 674 801 1167
2 4022 3935 4556
1 3017 821 1500
2 3991 95 3319
2 4470 4783 4378
2 1447 1385 3568
3 1653 1782
2 1189 1705 2858
2 1423 1707 148
1 2012 2158 2501
2 2843 542 4898
1 1699 616 3947
1 1993 2654 4533
1 1349 4294 339
2 124 388 193
1 3143 170 80
3 1953 2188
1 1896 3748 4146
1 4686 1763 4580
1 611 171 2971
1 2588 716 1293
2 2369 1662 2987
2 3444 393 1402
2 2131 3242 2307
2 4444 3443 1963
1 2238 2212 1132
2 35 311 1106
2 1119 4067 4663
2 3686 3879 4216
2 4269 4697 558
1 2953 2539 4310
1 3258 4745 2689
1 4859 14 4813
1 1349 3830 946
2 1418 1883 2661
2 24 1622 2776
1 408 3401 4168
2 2302 937 3422
1 1541 3472 1663
2 1406 4069 708
2 326 722 3795
2 1970 2670 3852
2 1197 2809 2596
1 2735 4411 1717
3 3247 2536
1 1447 2714 954
2 4516 1778 2948
2 4045 4185 3035
2 42 4242 3653
1 551 4317 4762
1 2513 1157 343
2 3388 1296 3351
3 4159 2999
2 766 1432 723
1 2424 4887 1902
1 1397 1315 4127
2 3358 216 4515
2 2074 1872 908
2 17 3424 3071
1 2357 4225 4044
2 3593 2354 4665
2 556 3232 4911
2 1704 4123 603
1 2732 3462 142
2 6 3944 4558
2 2460 2949 3251
1 1121 3893 195
1 2929 1395 3854
2 5 1199 3474
1 3086 3560 4680
1 2878 2051 1637
1 3058 813 4978
1 2742 1121 1973
1 4399 2828 3806
1 1747 892 4291
2 1923 4059 3084
1 4411 1883 1703
1 3759 4659 4789
2 829 4851 2259
2 4886 288 1715
2 2205 4310 248
1 3846 1950 3205
3 1350 4387
1 2599 2539 3022
2 4716 1981 1264
2 304 4513 4238
1 1635 3736 4478
2 3698 463 1543
2 567 2809 488
2 644 3022 793
2 3981 3759 2247
1 4006 3148 4605
1 4305 2229 4598
1 3076 2150 2284
1 2740 4569 3452
2 4189 1151 3648
2 554 4434 411
2 1144 1312 2920
2 4814 2813 4244
2 2916 798 2456
2 3556 2500 3136
1 4043 2864 2150
2 3622 3648 1303
3 1934 2914
2 3028 2998 2675
2 3173 4312 4748
1 3187 3573 3013
2 4239 4807 1055
2 587 4158 2622
2 3848 2845 620
2 1531 585 1270
1 1627 529 4014
1 673 938 3271
1 3112 3837 3461
2 75 4264 914
1 536 2010 1826
2 123 2339 1768
2 4637 4459 4638
1 1553 1991 1826
2 1584 2257 2715
2 3367 3278 3968
1 814 4072 409
2 1481 4270 2148
3 4082 634
2 2265 3239 4671
2 2948 3681 3013
1 2779 4544 4569
2 2345 4579 4749
2 901 22 1045
1 145 561 4538
1 1095 4755 234
1 3215 1860 1373
2 939 3664 2794
1 2324 3859 2672
1 3081 4360 3685
2 2785 1814 2563
2 877 2741 4430
1 4449 1320 391
1 2011 4162 2044
3 2671 3071
1 3752 3812 4729
1 4072 80 3535
2 4304 4209 3213
2 1431 3253 3733
2 3020 2286 2443
1 4339 3854 4992
2 1138 4646 458
1 4197 4868 3858
2 3822 1666 3932
2 4740 914 266
1 4424 2985 498
2 3869 4723 4387
3 1263 3047
2 2248 2862 4022
2 88 2590 4306
1 4625 3036 2475
2 3773 1469 2186
1 4761 806 970
2 816 1262 6
1 3212 4122 4890
1 2048 3058 4319
2 2776 2419 2115
1 156 1747 3551
2 3515 4459 183
2 1596 3417 910
1 165 3855 4223
2 4321 2454 4581
1 2309 4640 884
2 4227 3712 3629
2 2605 369 2878
2 4301 2514 4112
1 2410 1239 4695
1 2165 66 2782
2 414 3984 2760
1 1642 1248 1920
2 389 3045 3378
1 3508 3111 327
2 4063 3000 365
1 932 1185 1413
2 3856 934 4300
1 2536 546 2762
1 3494 370 1966
2 1347 1486 2135
2 4739 4400 1300
1 3379 36 4734
1 2093 3254 2161
2 392 2078 2031
2 1760 4849 1708
2 3487 2784 1819
2 2102 2408 4159
2 4649 2745 4651
1 2791 1326 1739
2 93 4231 1609
3 4869 3305
2 1179 3426 4637
1 3406 2635 4545
2 191 2684 4112
2 3844 802 925
1 4598 4716 4099
2 2529 3860 1614
3 917 328
2 2481 2380 3349
2 1785 3120 759
1 344 4477 386
2 2391 1111 4329
3 1459 2250
2 3738 4701 4175
1 1763 3463 1909
2 1275 2476 995
1 4244 2688 29
1 4099 3138 629
2 3055 2395 4895
2 4395 4553 4390
2 4111 1082 62
1 3841 2020 248
1 458 3656 4409
2 4859 1566 826
2 1701 2640 3442
2 2692 4693 3223
1 280 4059 305
1 448 2188 3688
1 3476 3895 1200
1 2449 2352 4084
1 1833 2840 736
1 748 98 1566
1 1680 3147 1578
1 2679 1845 4214
1 4151 2943 783
2 1904 86 4782
2 3912 2616 1391
2 2192 921 4629
1 2803 2089 1052
2 2475 1506 838
2 4015 1508 3287
1 3279 2318 1449
2 790 3704 305
3 3 397
2 3825 3596 4706
1 675 4352 3218
1 1874 2055 2885
2 4304 1783 2386
1 3737 4234 3913
2 3901 971 2049
2 552 1587 375
2 3332 973 438
1 1615 2487 2738
1 4772 4860 92
1 2096 1375 3409
1 401 2916 227
1 1677 2403 2502
1 306 3029 1332
2 4172 826 3394
1 4350 3963 1089
2 2879 4195 3525
1 4312 3022 1825
1 1380 3376 1178
1 4907 3195 3703
1 2731 3156 4144
1 3712 1547 4156
2 494 226 1249
1 3336 2181 2719
2 1581 1505 4021
2 4374 1895 1715
2 4290 4744 1047
2 3119 206 4144
1 2229 3401 3590
2 4136 156 3928
2 3085 2269 1980
1 3348 4454 3819
1 4444 3739 3697
3 4612 4748
1 3199 391 24
2 4253 2860 2686
1 2114 2800 1024
1 3666 3763 752
1 3925 3355 67
1 1222 4886 4106
1 156 1766 298
2 1240 4118 396
1 1392 4872 4685
1 4233 554 4023
2 2139 1884 3487
1 2952 857 1597
1 2266 2232 63
1 3718 33 190
2 4277 1084 822
1 4522 359 4267
2 1531 3198 623
1 3614 3326 4437
2 3478 1594 273
1 1615 3066 4733
2 1247 2244 3430
2 3671 1885 2733
1 716 3838 4783
1 3023 3487 3989
1 4034 1319 4781
2 1170 1058 2095
2 1899 1770 4040
1 728 4193 3203
1 2269 2293 1427
2 608 762 2033
1 1050 4821 252
2 2842 2767 317
2 3790 283 903
1 1839 2993 1237
2 4227 298 2212
1 3225 64 540
2 953 1602 795
1 2415 2088 690
2 3354 1796 2174
1 2679 1329 3456
1 731 3919 894
2 4255 2510 2944
2 4405 679 579
2 3530 25 3361
2 4808 371 2671
2 855 3780 2462
1 4746 3258 659
2 3585 698 1064
2 328 4373 3408
2 526 387 4246
2 729 2706 4791
1 3956 193 547
2 1779 906 2376
2 2162 4042 975
2 4012 2242 853
1 2515 1425 3732
2 88 2570 4479
1 4450 4410 1945
2 2069 781 3599
1 846 35 3721
3 4203 1556
1 3068 3305 1204
1 2868 4672 4387
1 1229 2206 2508
2 4772 4361 2666
2 4692 1438 3009
2 4852 3130 4883
2 554 505 3123
1 1218 146 679
3 2292 4299
1 1569 1565 142
1 2523 695 2304
2 3251 4106 3794
2 1529 3844 2092
2 1189 3794 1796
2 1948 834 1546
2 2767 640 1460
3 3105 4514
2 1418 4902 1837
2 2190 3037 3785
3 1456 923
2 3907 3680 3500
2 3418 4762 1848
2 2189 4844 3901
2 4196 2447 3150
1 3830 684 3189
1 3163 2657 1695
1 1528 4122 4286
2 2248 565 3574
2 4060 1506 3104
1 375 3582 385
1 4414 1863 3684
2 2271 784 3332
2 4639 4541 3739
2 9 1314 2855
1 1541 3097 1127
1 3725 1873 1986
2 1527 237 80
2 931 2005 711
2 3489 3022 4351
1 2687 4194 1550
1 4590 2727 3142
1 1897 4286 4434
2 1891 3987 2868
1 3293 1023 4802
2 3479 2818 4596
1 2505 4667 4256
2 1154 3546 703
2 4225 804 2517
1 3467 1155 2556
2 4695 2695 3866
1 4394 2365 3894
3 3013 4397
2 3262 3729 1229
3 3975 4094
2 3706 2030 3466
1 2077 139 5000
1 399 709 2959
2 4341 3727 557
1 772 3772 2236
1 1075 1810 4664
2 3364 4142 2514
1 3679 4409 3720
1 2286 1883 3427
2 4471 1755 367
1 1617 2696 4454
2 1925 988 2086
1 2840 1135 3678
2 974 3659 3341
1 1066 1252 963
2 982 4207 4294
1 3006 3434 4999
1 1440 4191 4906
2 933 3078 3714
2 828 1098 1282
1 3140 2281 997
2 1151 4480 4838
2 2938 522 657
1 3707 4670 521
2 988 2732 4351
1 2793 3695 2914
2 3012 295 4161
1 4697 4389 2771
1 3209 1582 4903
2 3536 2043 4260
1 3671 2614 1883
1 2152 1478 1199
1 3821 4627 3588
2 2564 1958 4078
1 1956 4263 4269
2 4252 868 1759
1 2852 3256 366
2 1375 3447 1558
2 3774 3358 4817
2 2189 2752 1275
1 878 100 1365
1 4680 4542 3238
2 415 4242 2853
1 2312 3563 2385
1 4503 3810 4505
1 4219 50 1012
2 4463 949 3043
2 443 4861 1794
2 3473 4279 3354
1 2339 4053 2458
2 389 4300 649
3 114 1321
2 2368 2786 1649
2 676 2549 1095
1 2876 3878 1745
2 4641 3915 773
1 3299 1218 2940
2 4873 2150 299
1 1556 2890 946
3 3082 4717
1 1393 3723 4132
1 56 175 2685
2 2668 4325 3436
1 3353 4222 3485
2 2134 2730 1466
1 2864 2038 1119
2 4656 4378 4623
2 192 4885 4350
1 2923 3448 4292
1 3435 1436 2912
2 2312 1096 4763
3 3809 1432
1 4576 3522 2924
1 1644 3234 776
2 4176 2291 2328
2 1110 2981 3496
2 3941 4027 2384
2 3219 4570 592
1 3788 1296 2158
3 2072 553
2 76 2314 2522
2 3495 4676 1918
2 4826 1761 1061
1 2375 311 4094
2 679 3112 4985
2 3948 21 2851
2 3408 4208 1670
1 1679 4791 2934
1 203 941 1285
2 3560 4034 1679
1 4250 2212 3607
2 268 2658 3969
1 3694 3368 4598
1 3999 1315 1299
2 2809 2952 1593
2 2952 2162 3015
1 3611 2611 2003
1 649 2656 4581
1 221 4376 3141
2 525 3081 1424
2 431 1544 702
2 4038 142 1695
1 3875 2872 3985
1 2769 4245 4892
2 2356 982 3494
1 1206 13 159
1 2064 2299 4471
2 955 2079 3347
1 2442 2468 2116
2 2702 754 3575
1 1025 3601 2750
2 1161 411 189
2 1043 4395 2958
1 1418 1010 2574
2 4551 3905 2261
1 1629 2306 4058
2 2833 4408 3781
2 766 4436 1459
1 2542 4132 2278
2 1981 2128 4034
1 4427 2023 321
1 4124 2143 1936
2 3255 1493 2184
1 2903 4122 478
3 4183 38
2 2862 1473 2660
2 2303 681 1395
2 175 3731 1844
2 4408 4867 3761
2 924 1071 71
1 4264 4371 3263
2 3763 40 798
1 862 3831 333
2 3660 3893 3425
1 3709 3010 4356
1 4723 262 4298
1 1300 1703 2629
1 1488 1148 2050
2 4066 3714 1258
1 193 178 114
1 4324 3616 355
2 1431 180 3562
2 945 2610 2041
2 4910 4055 556
1 856 2559 2909
2 611 3608 929
2 4351 806 1897
3 2566 1617
2 4033 1274 3037
3 4340 4357
1 3266 364 4906
1 2432 1985 3035
1 1485 4313 3866
1 1246 1301 1533
3 2861 2491
2 4043 110 1087
1 3543 507 3748
1 3209 2499 4497
2 4058 768 4104
2 3020 439 4326
1 4354 956 171
2 3105 4479 3349
1 4842 3797 53
1 1452 2793 960
3 3024 4739
2 892 212 1855
2 3901 1822 1522
2 3297 483 4741
1 1416 369 1616
2 4261 4160 3161
1 1519 54 1649
2 394 4732 3269
2 2667 4751 470
1 2035 3568 3977
3 2856 3533
1 3465 2585 808
1 480 1858 4073
2 2884 871 2761
2 4424 1958 793
2 1188 2287 3366
2 1598 4659 649
2 2745 1450 4392
1 2424 1266 2715
2 1912 3742 3135
2 3531 3323 2663
2 3982 3984 4478
1 427 2292 806
2 3477 241 3716
1 3174 14 2777
2 2395 3194 891
1 3519 677 2226
1 3681 1843 4427
2 2695 4765 2648
1 2728 381 3407
3 2121 1030
1 2908 243 1886
2 446 963 4677
1 2666 1767 3154
2 1031 2930 3949
3 3013 172
1 4675 3213 4278
2 1073 4835 4900
1 521 2631 4428
2 3402 4405 2396
2 2076 656 1189
2 3310 958 2245
1 4681 2954 4156
2 3640 61 3175
1 1283 1913 249
2 1626 2565 1069
2 4267 4781 1861
2 4279 2344 1942
1 4574 2865 3226
1 4705 1835 4260
1 1839 872 4039
1 2974 4885 144
2 2307 2736 615
2 2086 3527 1170
1 2152 1638 3259
1 4672 507 2941
1 4394 3813 4418
2 2390 3792 4872
1 2646 502 3279
1 1564 2729 3693
2 1848 3274 3562
1 1216 2894 2492
2 3088 3114 3748
1 125 3642 560
2 3887 23 271
1 4731 542 3744
2 4469 2320 4003
2 2047 4521 1542
1 4719 1341 2121
1 4783 3311 1218
1 3399 4739 1739
1 4567 3323 2295
2 4422 3959 4168
1 3529 426 76
1 4454 483 899
2 4563 4482 4019
2 3526 1148 4364
1 3415 4360 421
2 3091 379 1061
1 3878 4017 66
1 2731 541 4582
1 4753 3806 4644
2 3489 2076 2264
1 336 3046 3428
1 71 3038 3148
2 2429 4785 563
1 3176 4479 3620
2 3584 4170 794
2 3159 2597 4383
2 579 3276 3145
1 743 817 1824
1 4669 969 4890
1 2771 2118 2984
2 759 4174 3398
2 3150 741 1046
2 3875 3236 326
1 1591 3788 693
2 1087 3333 1258
1 3335 1414 4165
1 2407 2900 2276
2 1805 808 1352
2 4515 274 765
3 1182 4106
1 3789 3715 1390
2 1215 3275 1975
2 1276 1278 4527
1 4571 4284 399
2 1956 4138 3571
1 3465 3174 4284
1 3382 4556 4088
3 4602 2204
2 2570 1257 282
2 3095 701 2654
2 850 1315 4329
2 3095 532 2316
1 2772 3527 1325
1 2999 2796 589
1 2319 3706 696
2 3422 737 872
1 3143 4398 3123
2 2936 2254 1912
2 605 284 4046
2 4420 1054 2438
1 2692 3947 676
1 2502 1037 1537
2 1868 135 3644
1 3147 1981 2012
2 1950 2541 1944
1 1682 4156 4871
1 237 3666 4384
2 4693 4114 1500
1 283 1517 1055
2 2125 1816 2874
1 1642 123 532
2 4900 2862 2220
1 3270 1198 1297
2 883 766 2259
2 4442 2798 1535
2 2538 1063 3950
2 770 3526 102
2 4212 4697 2280
2 21 1570 560
2 3513 4646 3817
1 4553 1042 4918
1 4891 576 2194
2 22 3148 2161
2 87 4132 3893
1 3604 4098 2754
1 4595 3832 1961
2 2319 2607 2481
1 1825 3438 1609
1 1507 622 3368
2 3846 515 2494
1 1556 2802 1608
1 2999 3361 2143
1 986 1599 2617
1 4827 572 2023
2 2949 2093 1830
1 764 3994 2782
2 1160 2822 1046
2 2448 818 4830
2 2924 1323 323
1 4176 4512 2902
2 1729 4359 77
1 2599 3044 9
2 1902 4013 319
1 3716 157 1375
2 750 2114 488
1 702 661 466
2 2607 3551 2658
2 3514 3476 3057
1 2529 3186 1438
3 2063 1052
2 1942 4505 4884
1 633 555 837
2 1541 2658 3806
2 3294 1532 2738
1 3684 1770 1485
1 2647 1920 4449
1 1414 132 3026
1 2497 3743 378
2 341 2339 3086
1 3503 3950 1646
1 4840 449 4193
1 647 4642 3127
3 2455 3176
2 3919 3984 685
1 2401 4104 283
3 1958 659
2 4873 3555 4275
1 4348 3898 4628
1 101 1632 2160
1 190 3700 2448
2 1692 3349 4225
1 2772 2664 541
2 3425 1142 2064
1 3669 2258 1044
2 2246 2088 438
2 3683 925 2302
2 283 398 3483
3 2827 70
1 2046 4411 1849
2 3423 4631 2289
1 1356 28 4657
2 1336 3005 3139
2 672 3577 3924
1 4184 1207 605
1 2590 3327 2642
1 3430 796 3070
1 3162 865 1118
1 2217 3672 4873
3 898 1863
2 3790 1383 1839
1 2594 4300 1342
1 1643 947 2095
1 1788 3253 174
2 3549 1044 3396
1 2418 3652 4310
1 122 3051 926
1 934 20 4328
2 2131 4269 2958
2 1600 4196 941
2 3263 3939 3014
1 1357 1453 2798
2 123 137 3246
1 2360 364 555
2 368 578 4927
2 3407 3669 4854
2 2955 2585 2482
1 3728 3561 2928
1 3785 4706 1817
1 2665 2569 2186
1 3761 586 2364
2 1954 1711 2868
1 4002 4544 1292
2 2073 4450 1793
2 2801 1171 3075
1 529 305 32
2 2559 1860 2520
1 2012 1050 4626
2 3631 232 950
1 4443 2646 1274
2 3665 4548 1630
1 4156 4802 655
1 360 3625 2375
1 920 3776 1379
2 1890 291 4372
1 2891 4603 2407
2 1626 2003 349
2 786 904 3972
1 4575 772 2779
1 847 410 3530
2 386 560 4984
1 1689 1914 1251
1 3485 1757 3532
2 3094 2650 864
3 3067 557
3 3688 3129
1 4200 3812 2645
2 251 1532 1249
1 1445 205 125
2 4668 2951 4663
2 2177 2850 232
1 4876 883 4957
1 4892 4339 2271
1 3749 3765 2812
1 2795 2965 2500
2 832 272 4412
2 484 4334 2926
2 4610 3012 2375
1 2729 3630 3344
2 3255 796 2742
2 2617 67 4875
3 2309 1871
2 2686 3942 4622
2 1920 4077 1980
2 1988 917 92
2 4808 1009 2772
2 1220 456 2637
1 4439 1070 2692
2 1555 592 242
2 3003 3765 1501
2 4512 649 85
1 820 400 2751
1 1251 3907 990
2 2490 3806 4365
1 2496 2006 1102
2 2312 4530 4662
2 4298 3765 2222
1 2357 1544 4100
1 904 220 4992
1 1433 3163 3231
2 4657 3989 4484
1 2577 370 4914
1 784 91 4835
2 3004 2940 3220
2 220 3222 4702
2 2006 553 2239
2 3248 3634 3023
1 73 398 1460
1 2043 3807 1006
2 463 1244 3179
1 2186 4183 308
1 1607 113 2070
1 1591 1285 3531
2 1263 300 2950
2 2986 2430 4611
1 1344 1632 212
1 254 3462 2597
2 4180 220 3377
1 2558 4426 3098
1 2522 1022 1645
1 3639 4065 1115
1 522 1789 1706
1 4277 1222 898
2 55 4498 3361
1 3362 4408 2735
1 2565 2713 2283
2 4139 84 1852
1 4185 3737 464
1 2112 3771 4768
2 55 211 714
2 1466 1016 3774
1 4685 4588 50
2 655 3357 3734
1 1155 1664 1297
2 3810 1289 3834
2 2526 1814 4167
3 191 1377
1 1727 2063 4366
2 4637 2371 3846
2 2252 3685 4119
2 2687 1242 4626
2 3259 151 4995
1 1517 2657 1516
1 1732 3802 4770
2 542 4373 2423
2 2830 793 2607
2 4514 3502 1731
2 234 2057 4417
2 2106 4796 3609
1 3574 234 3522
1 2903 3627 2411
1 1842 1847 3410
1 3082 3075 1169
1 485 3813 3339
1 4200 2543 4900
2 1938 4064 4031
2 1220 4894 4269
2 2653 271 1868
2 3551 817 1918
2 2518 2677 4134
2 4748 1286 2343
2 1831 1696 4500
1 417 914 1609
1 3255 4021 537
1 2567 682 2389
1 579 2257 1411
1 2519 2004 397
2 3141 4192 1446
1 4860 4775 41
3 545 453
1 3584 4404 754
1 3919 1475 3519
2 946 604 2521
2 904 1591 863
2 3787 1516 824
1 724 4590 2803
1 1420 1863 1295
2 4878 3888 411
1 2986 1258 4543
2 2726 2520 1257
3 3466 68
1 229 3235 190
1 1555 2465 360
1 3743 379 1227
1 4834 2856 1730
2 1175 2095 1113
1 2151 2730 1929
1 3793 1990 744
1 2079 305 1407
2 4462 276 1618
2 4220 1747 3780
1 4558 4626 3152
1 801 2032 273
2 4883 1197 1483
1 1285 2 4999
2 4579 918 4299
2 1418 4222 2224
2 215 3570 1322
3 2407 1958
2 3729 1943 281
2 1984 950 1524
2 2112 2361 4073
1 4100 4603 977
1 1856 4105 1546
2 3543 1851 261
1 4653 365 3207
1 1790 1562 2280
2 3609 2415 3999
1 4583 1014 4147
2 2798 2163 499
2 3244 1072 3280
1 206 4218 4342
1 2000 2270 3047
2 1937 3625 263
2 712 962 2993
1 4183 1035 3360
2 3089 3139 375
1 2966 3265 3410
1 3459 2819 3731
2 4474 3880 4766
2 2150 730 4436
2 1149 2332 2052
2 3561 3308 997
2 3437 3353 2150
2 903 3928 3759
1 2444 4204 2245
1 4477 1678 2465
2 1037 4074 3226
1 198 1406 2558
1 4878 3142 181
1 1053 2783 4143
2 1806 1567 1944
2 4211 2297 3619
1 4115 1090 684
1 1777 120 4661
1 323 799 3946
1 2514 696 4029
2 2246 3102 3450
3 629 1635
3 3015 2428
2 157 3330 2739
1 914 1734 2464
2 3876 3290 1332
3 4148 155
1 4422 2553 4391
2 4015 1904 260
1 198 3564 4486
2 4448 2232 3777
1 3060 4106 96
1 927 2613 2151
2 4350 770 984
2 4101 3045 4671
2 2193 777 1622
1 4348 3394 2882
1 2717 3478 3483
2 2465 1963 80
2 3606 2622 953
1 346 2672 4275
1 2527 58 4536
2 1347 1871 2972
2 1338 556 2953
1 2360 357 1164
1 1476 445 53
2 1986 51 2387
2 173 2748 3686
1 430 2718 3323
1 98 519 1908
1 1398 4903 597
2 2519 2424 4944
1 4683 3816 4834
2 581 799 3180
2 3034 864 1427
3 4227 1564
3 1099 3280
2 3117 10 3221
1 4806 112 4563
1 2408 3791 244
3 4657 27
2 848 1599 2030
1 44 498 4582
2 2204 2085 4333
2 2547 2915 3329
3 2911 4107
2 3532 1585 4045
3 2628 877
1 3804 1781 1532
1 1138 4835 4933
1 376 2746 2654
1 16 1447 1079
2 4840 2781 2326
2 1239 3164 634
1 3077 2738 779
1 3966 1381 112
2 2354 922 2279
2 1776 498 2488
2 2365 2714 914
1 2276 324 253
1 3780 1344 2815
2 1275 884 3296
3 1167 757
2 1690 1293 4344
2 2853 434 3654
1 2488 3330 4032
2 778 1807 1875
2 750 3246 128
2 1569 1255 4852
2 3811 4912 3249
1 3726 3289 4139
2 3986 465 4125
2 2964 1377 3841
2 4419 3195 3923
2 429 1014 2367
2 1195 2779 3558
2 1522 2167 3894
1 1134 4096 719
1 2919 3523 262
1 4039 1512 1957
2 4445 245 3665
2 383 3115 795
1 554 1311 296
1 639 3089 921
1 1143 2942 60
2 3433 3550 4497
2 1461 2875 4557
2 2262 2171 1914
2 1438 4690 3661
1 342 1712 791
1 3463 4864 1101
2 2683 2447 584
1 3159 3072 1406
1 2342 2703 3007
1 732 4477 88
2 2865 4164 1876
2 2168 1809 4238
2 3247 1904 3632
2 4559 1059 1751
2 1908 3275 164
2 4335 3034 1084
1 529 1862 2657
1 3126 1330 2264
1 2411 1521 2713
1 3916 4600 1050
1 4589 2484 2148
1 2961 4041 3348
2 1283 1264 2204
2 1623 2908 1231
2 3379 3429 720
2 1002 3025 4100
1 3378 2779 4915
1 1554 4504 627
2 4093 300 3005
2 4705 2781 4110
2 2743 545 2119
1 1463 433 2886
2 389 1270 3355
1 503 1284 1908
2 1342 2697 3257
1 4882 2499 1640
2 979 731 4410
1 338 3050 4876
2 3967 970 1360
1 2898 34 1841
1 1955 3402 3282
1 1451 3941 3760
1 2090 1081 3619
2 437 167 4777
2 4359 2461 4340
1 751 2032 4743
2 847 4769 3812
1 4265 4021 2025
2 1595 4360 4358
1 3948 1491 1689
2 727 4180 1914
1 2542 209 3535
1 3903 810 3449
2 258 1103 661
2 112 1725 4581
3 4780 664
1 1392 2034 1886
3 4347 2497
1 2411 418 2997
2 421 3540 4577
2 352 4626 1739
1 187 1986 2888
1 2487 795 1170
2 1007 4422 1332
2 562 1948 1850
1 120 1717 4886
2 232 2321 2108
2 193 3993 479
2 2861 4019 57
2 2008 3487 3447
2 1670 1267 307
2 992 1894 2369
2 4298 779 3738
1 3076 1672 4964
1 2003 2607 4103
1 1788 1452 689
1 3638 4361 2499
1 1646 337 4315
1 4701 2623 2856
2 288 782 3481
2 4453 656 2798
2 3132 3256 1565
2 2827 796 1727
3 4052 3333
2 4004 1165 3522
2 4386 1964 3954
1 1805 3750 2594
2 2202 3948 3286
2 3414 31 4159
1 1898 3549 1683
1 3068 2048 1258
1 3862 3318 515
1 2167 2713 1365
2 4640 324 2318
1 3058 1722 1040
2 4489 4141 4967
1 2516 304 3932
2 2572 1164 4029
1 3476 4758 3570
1 2191 2386 3874
2 3013 4728 4268
1 819 2427 678
2 512 4269 3882
2 1565 1340 1444
2 4076 4190 1101
2 2433 3322 739
1 4770 1214 2527
1 4150 2284 573
1 2737 1234 2215
2 3519 3491 763
2 4597 453 3992
1 2154 1977 4557
1 1521 2842 995
2 752 4191 406
3 239 3130
2 2848 58 2933
1 3548 4405 391
1 3868 2498 475
2 4769 2592 1955
1 2171 3902 4491
2 3669 722 1292
1 2753 651 4188
1 3407 2305 580
2 4168 4895 4120
1 4841 4351 2595
1 1834 1493 2672
1 724 4886 1450
2 1860 4796 1589
1 2332 3822 1642
1 2234 7 2279
2 204 1488 293
2 1879 133 2113
2 1640 1530 1251
2 4133 3524 2297
2 971 474 397
1 2138 2536 1947
1 3541 2565 4349
1 3452 210 3191
2 3002 3777 2354
1 295 4026 1613
1 3661 1408 647
2 2725 2640 799
2 4528 4600 61
1 1914 210 630
1 4061 1882 4707
1 2708 2887 18
1 55 4872 4340
2 861 1704 925
1 1458 178 224
2 3171 4756 2904
1 2182 4505 24
2 2990 1390 3276
1 2806 33 4878
2 1656 1715 3858
2 4655 2946 754
1 1749 2613 4986
1 1610 2978 3037
2 2707 2338 3806
1 4353 992 2784
2 2912 3083 3439
2 3680 2018 2141
2 1878 3797 406
2 1716 2738 1788
2 2353 481 4635
1 4758 2095 4102
1 1320 4088 2904
2 3202 1009 4876
1 2981 1729 2646
2 162 2098 2536
1 4109 2142 862
2 573 4058 2666
2 1080 1773 1201
2 3298 3335 947
2 4694 219 103
2 3696 908 4765
2 3445 1777 1858
2 2208 124 159
1 4650 2224 4955
1 909 689 1133
1 1251 505 4866
1 4595 4496 3141
1 3877 1281 2329
3 1882 1842
2 4810 966 4826
1 311 1722 323
2 409 738 979
1 4668 4725 2411
2 1848 3809 2456
3 3703 1228
2 403 3358 1264
1 251 3044 2986
2 2696 2481 182
1 2860 2700 3099
1 694 2216 2800
2 4249 2288 2806
1 22 3608 3970
2 4146 1339 2629
2 2976 674 2340
1 3532 2794 3783
1 1405 613 1726
2 685 1125 1423
2 774 2112 4266
2 2246 1184 454
1 2691 161 3416
1 1042 4391 3
1 1844 2689 371
1 13 3920 657
1 4141 2709 3994
1 116 3248 3616
2 3956 3695 2383
1 1293 3723 1385
1 913 832 4307
1 4725 3515 4286
2 4474 4509 2839
3 4349 2101
1 3817 1262 2595
1 3720 2061 2093
2 962 2104 4633
1 2851 4151 2793
1 1729 4568 3834
2 4751 4161 2917
2 1922 1185 2998
2 2067 625 4176
2 1335 3884 3216
1 756 8 566
2 2232 713 311
1 2645 2221 2141
2 3362 4542 4093
1 51 4054 528
2 961 621 3635
2 4641 2846 839
2 500 2263 3273
1 1260 4650 4427
2 2665 3108 2641
1 3755 1087 2237
1 1866 2561 244
2 2379 2672 3807
1 2179 1964 3363
2 2639 2982 1289
1 497 1546 4462
2 356 216 3420
1 4358 4902 1408
2 4797 2297 3410
2 1111 4736 3296
1 2457 4313 875
1 2714 4159 2872
1 4324 4803 3272
2 3748 4096 3288
2 2427 4146 754
2 3239 56 1618
1 658 3048 1587
1 4581 4640 4944
1 8 3219 1074
1 2742 3588 2232
2 3672 3445 899
2 605 3757 966
2 3076 3130 4612
2 4790 2446 1345
2 2661 2587 4352
1 3112 923 980
2 1689 282 655
2 2655 1809 62
1 439 3369 1882
1 1667 2631 4696
2 3719 3547 1258
1 3506 3044 1797
2 4772 3678 2465
1 2806 2496 4156
2 4066 3164 2479
2 3983 2186 4951
2 2817 3573 2301
1 3403 665 3183
2 1266 300 541
1 192 1179 4956
1 3285 3671 3670
2 2850 3955 1729
1 152 500 2036
2 4729 4182 1437
1 770 1716 1597
1 4613 2096 1881
2 4908 1437 403
1 248 3660 2120
1 3349 3777 3360
1 1202 3123 4993
2 3177 3370 3180
1 2129 468 3670
2 1078 2465 393
2 1933 2912 4400
2 2979 3238 4214
1 3372 2165 3328
1 3987 4739 4526
1 36 4018 1246
1 2767 4155 1905
2 2010 1449 4581
2 2314 2098 2977
1 81 4207 3500
1 4033 4044 2390
1 1951 1407 2884
2 3859 4379 105
2 481 4700 3632
1 1062 579 2827
1 4522 759 663
1 4152 4601 4789
2 216 3414 2419
2 722 3910 4633
2 3032 2594 3581
1 3571 4412 3263
1 1852 1774 1693
1 3350 3844 456
2 3433 2446 1086
1 3915 4553 2006
1 1997 4435 3095
1 2792 4790 3393
3 501 124
2 1846 3420 650
1 2493 4775 2791
2 3611 350 1834
2 3841 2059 937
2 877 215 2451
1 959 1507 1911
1 1239 4316 2253
2 1464 1280 2323
2 93 2231 417
2 4756 2986 4317
1 4846 1191 4224
2 3454 3918 2408
2 3671 2659 2444
1 2992 1325 1595
1 590 3657 4589
1 816 525 3624
3 3516 1649
1 4366 2815 4520
1 4511 161 2939
1 1650 3040 4067
1 4316 331 1810
1 1510 1385 1379
2 3202 3136 2978
1 3342 2493 4353
1 216 1398 4956
2 2642 1898 3838
1 4014 4223 3849
3 1872 4463
1 4297 4834 3211
1 880 2389 2896
2 4821 2353 4794
1 306 3434 4471
2 1209 2646 2488
2 3760 4137 3625
1 420 2941 4364
2 4804 4390 615
1 943 2130 513
2 2828 3168 4841
2 3187 2184 3207
2 242 4747 1793
2 2579 778 1112
2 3547 521 4320
2 1036 1526 1299
2 3165 2838 2511
2 1765 2891 1939
2 955 2209 710
2 3225 2774 4712
2 2909 4805 4655
2 483 402 3612
1 1587 287 3283
1 3972 940 431
1 1767 2970 955
2 4015 4647 2682
1 1340 2650 2304
1 3003 2508 3030
2 1712 4522 1290
3 1610 3826
1 4176 3161 3571
3 4679 2321
2 3368 3501 1964
1 2928 776 1668
2 4819 749 637
1 536 4056 376
1 351 1922 401
2 630 2501 353
2 4021 3804 2799
1 3797 227 3098
2 4333 368 4689
1 81 3060 1787
1 2840 2421 4535
3 2135 1918
2 2588 1897 1268
2 4343 1912 4850
1 2079 4018 1839
2 4128 4078 850
1 4395 903 3130
2 3626 3258 4830
1 394 3371 2261
1 2818 4545 2264
1 2632 3487 2907
1 856 1681 4832
2 4527 305 1187
1 2802 3154 4335
2 171 1067 2175
1 2807 2486 2878
1 635 1965 48
1 173 2032 2174
2 2480 1902 2910
2 2006 3989 2905
3 2280 3199
1 4389 2270 879
2 3365 4423 4249
2 3440 153 465
2 2458 559 1103
1 409 2539 3481
2 4654 1662 1246
2 3347 292 1807
2 2739 318 2905
2 3419 3662 92
1 3841 335 4735
2 3092 3762 2657
2 4656 1430 10
1 365 2930 2912
1 2250 3878 250
1 2789 4850 2425
1 2739 540 258
1 1487 461 4733
2 1487 3413 4369
2 1592 1223 654
2 4750 2356 4097
1 4641 2400 347
2 1793 2365 2018
2 2053 4036 3071
1 3674 3144 1175
1 3829 59 4698
1 2568 1546 3503
1 1001 1194 4534
1 1317 1530 612
1 3595 3774 2291
2 1246 3967 887
1 3432 3705 3002
2 4321 2718 3040
1 1289 2908 4972
1 741 434 1218
2 571 3964 4747
2 1180 3107 3156
1 3786 2660 1662
1 575 317 1984
2 4292 2175 89
2 168 404 4926
1 4450 1206 914
1 60 1809 4217
1 4350 1844 2748
1 732 35 1768
1 1715 4852 4454
2 3632 135 1333
2 1871 4628 1484
1 3509 95 1176
1 129 2599 1676
2 3958 2143 4396
1 1419 4416 2961
3 583 1652
2 1460 185 659
2 90 9 830
2 2906 4908 4715
2 561 3024 4391
1 120 4129 3386
1 558 848 3355
2 3964 2308 4178
2 1689 3324 4628
1 2673 3942 4371
1 4724 2934 1395
2 3954 1097 4622
2 3851 4119 2969
1 3156 4347 1565
1 820 222 1103
2 1834 165 4544
1 3045 165 1613
2 2951 807 4112
2 192 3965 3133
3 3260 4005
1 1045 4233 2136
2 1043 2335 52
2 534 2482 3079
2 3895 977 858
1 2857 1591 3394
1 4298 2660 4089
1 2402 70 3163
2 921 4825 2898
1 3976 2565 627
1 535 3528 3607
3 3700 2090
1 3889 4636 536
2 4748 1860 4115
2 3019 2646 2550
1 1009 1979 4085
1 1426 4661 667
1 276 843 2978
1 1194 3878 1390
1 2205 2999 4795
1 2684 72 2722
3 829 3653
2 2891 3808 3504
1 2732 2859 4444
3 642 197
1 1689 2041 2766
1 2384 1429 1778
2 3060 2134 2712
2 1458 4625 2081
2 220 3885 4426
1 627 4180 1925
1 965 207 3887
2 663 632 448
2 4100 2761 4718
2 643 4745 906
2 2707 823 3553
1 353 2035 4028
2 3387 4478 768
1 2344 720 4719
1 3718 703 990
2 3826 3541 3317
1 3490 942 2850
1 948 446 1750
2 4515 2564 4518
1 3042 1811 3323
1 3833 4616 195
1 787 3139 1262
2 1842 555 4705
2 917 4702 1366
1 1179 2629 4562
1 2153 2210 2198
1 4711 235 1215
1 1011 1438 3830
1 1132 3562 609
2 911 4204 376
2 1380 3270 489
1 4350 4872 1916
1 653 1018 2895
1 3478 1984 411
2 2923 1435 4197
2 2811 1898 270
2 1616 1417 2140
2 526 1067 1351
1 2258 4189 4652
2 1888 1465 4454
2 2188 3822 136
1 3584 3428 3908
2 1715 1897 1383
1 1837 4625 1578
1 1417 1481 4211
1 4492 3810 3154
1 4770 100 3420
2 1426 3649 316
2 2744 4523 3813
1 748 3167 801
2 147 4706 1565
1 1919 1972 4074
1 1891 2018 998
1 450 1074 2121
1 425 2686 153
2 1690 3945 4766
2 33 553 3998
1 3872 3407 3146
2 4500 4836 3647
1 4037 2531 559
2 2080 2759 1013
2 285 4226 4092
1 1332 3951 4081
2 342 2058 132
2 1286 2691 3308
1 2891 3370 1352
2 2333 1593 3606
1 2379 1925 1791
2 3229 2968 33
2 807 4566 4868
1 4063 2663 1534
1 1755 3700 2671
2 3107 1758 469
2 3754 2548 2186
2 3018 476 281
2 300 1059 388
2 2606 1230 3889
2 1680 1264 4416
1 548 3361 247
1 3836 1557 3734
1 3732 3525 804
1 85 3511 4072
1 2392 2105 2520
2 237 259 3189
2 3576 2026 4277
1 4423 355 3920
1 1256 3180 4052
2 2465 3727 2138
1 710 2410 3790
3 2990 4249
2 1132 929 2371
2 3765 473 875
2 3466 718 414
1 3574 3648 2469
1 1534 2682 2806
1 4342 1342 1449
2 4156 2523 1700
3 2141 3389
2 600 841 2803
2 1378 2482 3252
2 3668 1990 4642
1 4762 4189 782
2 2484 3453 2939
2 2926 2788 4597
1 3364 4736 3871
1 1025 1391 3603
1 1082 2575 3951
2 3460 4060 1386
1 796 3495 499
1 3774 1212 2715
2 4352 4654 845
2 1566 1318 1637
1 1078 3936 134
1 1891 1240 3355
2 2810 2405 4959
1 774 4453 4813
1 1521 4598 432
2 1584 4380 3636
1 2793 4606 3076
1 3376 2012 3193
2 357 4498 4874
1 3799 4122 3254
2 4839 2509 699
1 3768 3603 3355
2 1184 1981 122
1 2812 1276 385
1 136 3291 894
1 2688 1438 3050
2 3738 996 2561
2 3648 3321 1406
3 2882 2080
1 89 4050 2790
1 627 4836 2776
1 1817 370 2819
2 2305 1259 3373
3 2809 4539
1 1641 549 397
1 1260 1639 3721
2 3701 3035 1089
1 1009 1000 77
1 3694 4714 1354
1 2434 1144 1281
1 2626 1012 3344
1 890 2668 568
2 647 2121 925
1 4099 278 946
2 1689 2666 3434
3 3618 1618
1 671 3244 1848
1 3121 507 4139
2 1888 2898 1143
1 4061 1449 1253
1 3558 2354 4353
1 1094 4364 4446
1 1631 4460 2679
2 592 3355 279
2 1485 4776 4754
2 1810 1268 4802
1 3397 1787 3179
1 1448 3309 3374
2 4712 840 1634
2 1008 3508 3862
2 623 1864 4633
1 4133 2889 3275
2 1455 3866 2889
2 1296 4643 2836
2 4576 3936 450
2 334 1834 444
1 1100 4015 95
1 4112 2222 4043
1 1139 3032 1479
2 2681 188 211
1 2034 671 4820
2 2062 3746 4147
1 3920 977 4774
2 3110 4194 1102
2 845 1029 232
1 76 4573 3700
1 733 2290 3673
1 1477 191 3575
2 3544 4510 3019
2 4208 4832 3663
3 145 4776
3 4214 438
1 4552 843 741
1 2590 473 4714
2 1070 3741 1215
1 3731 2272 63
2 931 95 2086
2 3150 254 3678
2 1801 2134 339
1 4159 4323 3207
1 3186 23 1047
3 192 1738
2 1711 1387 1666
1 1046 2876 1940
2 2496 1076 894
1 2035 1424 2834
2 225 1010 4780
1 915 2325 3534
3 4844 257
2 4887 2316 265
1 1024 2152 697
1 559 2110 2813
1 177 3234 2370
1 3989 1040 1138
1 3110 1744 521
2 3068 4664 2161
1 4737 2666 2119
2 1396 3083 3307
1 4846 802 4348
1 3124 3702 674
1 3401 3973 3666
1 2494 1023 4030
1 1598 412 3442
1 3801 3180 896
2 2249 1011 61
1 203 3019 4834
2 4883 2609 3723
2 3301 2382 4019
1 3809 4359 487
1 770 2716 694
2 3897 1621 4864
2 3723 1599 2692
1 2951 1740 1888
3 501 629
1 1941 2081 2703
1 2128 4169 3201
1 821 2982 3663
3 1091 2943
2 512 1988 4682
3 3306 3953
1 4415 1426 4518
2 3414 1637 3619
1 604 875 1207
1 708 2191 259
1 4027 2904 2748
3 2769 4746
1 1318 257 2568
1 2022 203 2112
1 4159 884 65
1 328 674 4118
1 1570 2719 4899
2 4290 292 2377
2 24 1145 3190
1 809 3482 4033
1 205 2588 2386
2 166 2235 2448
2 548 644 705
2 682 3613 1462
2 3403 862 4579
1 217 2428 956
1 3572 4552 1619
2 4270 2230 531
2 177 4352 1176
1 3345 511 3908
1 3609 3310 2708
1 1891 4570 3185
2 3224 1549 3392
1 2855 177 2578
1 1247 4784 3637
1 42 2782 169
2 3197 2196 3355
2 3133 2848 1733
2 2508 2564 3828
2 3576 2801 3041
1 3041 4892 745
2 3526 4447 2485
2 1479 3155 2803
3 191 1442
2 1262 2644 1658
1 1282 3503 2794
1 2164 3093 1992
1 527 1940 1397
1 4571 2331 2150
2 4295 3099 988
1 3116 869 4325
2 2066 3925 945
2 4792 3982 69
1 2927 2502 4444
1 1245 2024 3161
1 4808 4284 102
2 4748 85 784
2 3106 4672 816
1 22 4663 1395
2 1510 4370 1963
1 3237 3717 1037
2 3827 1244 1001
2 1875 2997 1157
1 4187 1824 1050
3 4850 3684
1 4808 138 1967
2 2788 4494 1102
1 201 2681 2946
1 3029 4850 3329
1 3121 3681 3755
2 3883 1329 1558
1 2587 4664 1787
2 4563 802 4471
1 3253 3181 4403
1 4892 1736 3013
1 479 912 749
1 168 4365 817
2 1798 1537 761
2 3670 606 3211
1 1847 3077 784
2 3507 851 1549
1 4285 1486 4171
1 2423 4569 2592
2 3387 3980 2236
1 2524 1523 269
3 783 1977
1 3444 1034 140
2 3067 700 4433
3 4878 385
1 2334 175 4944
2 2658 304 1856
2 47 4178 3288
2 2063 2048 4501
2 3127 4822 1946
1 2255 2887 2618
1 2718 2855 2815
2 3629 3268 4318
1 1198 4125 3833
3 1869 1399
2 4238 2096 2247
1 4098 128 4714
2 340 4664 4957
2 385 2685 3460
2 3364 2158 1225
2 574 2049 105
1 2039 3761 1069
1 2350 3901 603
1 1869 4560 1963
1 1772 236 339
1 2927 1005 236
2 748 4834 90
1 1691 1655 1519
2 4178 3980 248
1 1692 511 1719
1 3268 993 2927
1 4504 1875 740
2 351 2395 2232
2 1768 1343 3231
2 4892 2707 2820
2 452 589 3201
1 2771 1272 4996
2 4483 1289 1788
1 232 2161 1584
2 4085 4702 2568
2 4611 2965 994
3 4743 3550
1 4106 4234 1163
1 4390 615 4152
2 1581 1130 4915
2 3195 440 1462
1 1328 77 325
2 347 2345 4337
1 921 4108 4528
2 4139 2456 1522
2 3164 2497 3246
2 3252 871 2171
2 2756 832 2255
1 4433 4282 3596
2 342 386 3726
2 597 4374 1142
3 1928 69
2 1753 1424 2986
3 1574 1281
1 440 2970 3634
1 3094 3900 2535
1 4571 4671 4726
1 122 3485 3187
1 4271 3994 863
2 3086 2765 3816
2 965 938 582
3 4283 2009
2 4496 31 2925
3 2667 2444
1 663 3961 3620
2 4051 982 2060
2 97 3698 1037
2 2267 4663 4034
1 797 4812 2343
2 686 1671 4143
3 2292 4576
1 4168 4341 1436
1 1089 2140 1695
2 648 4143 2362
2 4754 3868 4158
1 2618 3442 2089
2 1058 615 1524
2 917 3566 51
1 931 907 1809
1 2551 836 4849
2 4290 2168 2686
1 4354 1279 2276
1 4066 1204 3540
1 4008 1583 996
1 1385 3872 4941
2 4238 1584 195
1 4200 2218 2249
2 4639 1361 3594
2 4581 1648 2481
1 3255 293 3618
1 2636 1079 2902
2 203 4911 3075
2 3556 2997 1674
1 4902 2839 3008
2 157 3480 181
1 2106 455 792
1 3643 1385 4808
1 4437 2699 4268
2 335 3770 773
2 3127 278 3679
2 1629 3101 916
2 136 2603 1376
1 1995 2312 1478
2 1484 3317 4809
3 1398 1189
1 1077 3483 2723
1 1832 4557 32
2 207 2501 3631
2 3777 3936 3585
1 3270 4790 4357
2 2344 2848 2979
2 4147 4427 1671
3 3000 2046
2 23 3158 4654
1 4586 2128 4127
1 234 1126 3019
2 1077 3254 244
2 167 162 326
1 3832 4207 1380
1 1253 4019 3033
2 1332 3961 3160
2 4404 139 3877
1 2684 2384 1154
2 3170 3647 1395
2 3545 1494 754
1 1505 3768 3475
2 2953 124 4321
2 4898 4376 4752
1 4660 4510 3153
2 4677 130 2633
2 3819 3440 1489
2 233 3917 3807
2 939 4479 3340
1 1146 264 21
2 3141 2567 4371
2 603 682 3554
1 2353 1424 525
2 4038 1127 4776
1 481 130 3277
1 1808 4329 3360
2 42 3030 531
2 637 3622 3411
