1 2 3 4 5 7 8 9 10 12 13 14 15 16 17 18 19 20 21 22 23 24 25 26 27 28 29 30 31 32 33 34 36 37 38 39 40 41 42 43 44 45 46 47 48 49 50 51 52 53 54 55 56 57 58 59 61 62 63 64 65 66 67 68 69 70 71 72 74 75 76 77 78 79 80 81 82 83 84 85 86 87 88 89 90 91 92 93 94 95 96 97 98 99 100 101 102 103 105 106 107 108 109 111 112 113 114 115 116 117 118 119 120 121 122 124 126 127 129 130 131 132 133 134 135 136 137 138 139 140 141 142 143 144 146 147 148 149 150 151 152 153 154 155 156 157 158 159 160 161 162 163 164 165 166 167 168 169 170 171 172 173 174 175 176 177 178 179 180 181 182 183 184 185 186 187 188 189 190 192 193 194 195 196 197 198 199 200 
3 4 6 7 8 9 11 13 14 17 19 20 21 22 24 25 27 28 29 30 31 34 35 36 37 39 41 42 45 46 48 49 50 53 60 62 63 64 66 69 71 74 75 76 78 79 81 83 84 85 86 87 88 90 91 93 94 95 98 99 100 101 102 103 104 106 107 109 110 111 113 115 118 119 120 121 122 124 126 128 130 131 132 134 135 137 139 140 141 144 145 146 147 148 151 153 154 155 156 158 159 160 168 170 171 172 173 174 178 179 180 183 184 185 186 187 190 191 194 195 196 
1 2 3 4 5 6 7 9 10 11 12 13 14 17 18 19 20 21 22 23 24 26 27 30 31 32 34 35 36 38 39 40 41 42 43 44 45 46 47 49 50 51 52 53 54 55 56 57 58 59 60 61 62 63 64 65 66 67 68 69 70 71 72 73 74 75 76 77 79 80 81 83 85 86 88 89 90 92 93 94 96 98 99 100 101 102 103 104 105 106 107 108 110 111 112 113 114 116 117 118 119 120 121 122 123 124 125 127 128 129 130 131 132 133 134 136 137 140 141 143 145 146 147 149 151 152 154 156 157 159 160 161 162 163 164 165 166 167 168 170 171 172 173 174 175 176 177 178 179 180 181 182 183 184 185 186 187 188 189 190 192 193 194 195 196 197 198 
1 3 4 5 6 7 9 15 19 20 21 22 23 26 29 31 34 37 38 41 42 43 44 47 48 49 50 51 52 53 54 55 59 60 61 63 67 69 70 72 74 76 78 79 86 88 93 94 95 98 99 101 104 109 113 114 117 118 119 120 122 124 125 126 127 128 130 131 133 134 138 141 142 149 150 152 154 155 156 157 158 159 162 165 166 167 168 169 170 171 173 176 178 184 185 189 190 191 196 197 
1 3 4 8 12 13 14 16 18 20 21 22 24 26 27 30 31 33 35 36 37 39 41 42 43 44 50 51 53 54 55 56 58 59 61 65 71 73 74 76 78 79 81 82 83 84 85 86 87 89 90 91 93 95 96 100 101 102 103 104 105 109 110 111 112 114 116 117 118 121 122 128 129 130 133 135 136 139 140 141 143 144 146 147 148 149 150 151 153 155 156 158 159 162 165 169 170 173 175 177 178 180 181 182 185 186 187 190 
1 2 5 6 7 8 9 11 12 14 15 17 19 23 25 26 28 30 35 36 37 41 42 45 46 47 48 50 51 52 55 56 58 60 64 67 71 72 74 75 77 79 80 81 82 84 85 88 90 91 93 94 98 100 101 102 104 106 108 109 111 112 113 114 115 116 118 119 122 125 127 128 131 132 134 137 138 139 140 142 143 144 146 149 154 155 156 158 159 161 163 164 166 167 168 174 176 177 179 181 182 183 184 185 186 190 
1 2 3 4 5 6 7 8 10 11 12 13 14 15 16 17 18 19 20 21 22 23 24 25 26 27 28 29 30 31 32 33 34 36 37 38 39 40 41 42 43 44 46 47 48 49 50 51 52 53 54 55 57 58 59 60 61 62 63 64 65 66 67 68 69 70 71 72 73 74 75 76 77 78 79 80 81 82 83 84 85 86 87 88 89 90 91 92 93 94 96 97 98 99 100 101 102 103 104 105 106 107 108 109 110 111 112 113 114 115 116 117 118 119 120 121 122 123 124 125 126 127 128 129 130 131 132 133 134 135 136 138 139 140 141 142 143 144 145 146 147 148 151 152 153 154 155 156 157 158 159 160 161 163 164 165 166 167 168 169 170 171 172 173 174 175 176 177 178 179 180 181 182 184 185 186 187 188 189 190 191 192 
1 2 3 4 5 6 7 8 9 11 15 17 18 19 20 21 22 23 25 26 27 28 29 30 31 32 33 34 35 36 37 38 39 40 42 43 45 46 47 48 49 50 52 53 54 55 56 57 58 59 60 61 62 63 64 65 66 67 69 70 71 74 75 76 77 78 79 80 81 82 83 84 85 86 88 89 90 91 92 93 94 95 96 98 99 100 102 103 104 105 106 107 108 111 113 114 115 116 117 118 119 122 123 124 125 126 127 129 131 132 133 134 135 136 137 138 139 140 141 142 143 145 146 147 148 150 151 152 153 154 155 156 157 159 160 161 162 164 166 167 168 169 171 172 174 176 177 178 179 181 182 183 184 185 186 187 188 189 190 191 
2 4 5 6 7 8 9 10 11 12 13 14 16 17 20 21 24 26 27 29 30 31 33 34 35 37 38 39 40 41 42 43 46 48 49 50 51 52 53 54 55 59 60 61 63 65 67 68 69 70 72 74 75 77 80 81 82 84 85 86 87 88 89 90 91 92 93 94 96 100 101 102 103 104 105 106 107 108 109 110 111 113 114 116 117 118 119 120 121 122 123 125 126 129 130 131 133 135 136 138 140 141 142 143 144 145 146 147 149 150 151 153 154 155 158 159 160 161 162 163 165 166 167 168 169 170 171 172 175 176 178 179 180 181 183 184 185 186 187 188 189 190 191 192 193 194 
1 2 3 4 5 7 10 11 12 13 15 16 19 20 22 23 27 28 33 34 35 36 37 38 39 40 41 42 43 44 46 49 50 51 52 53 54 55 58 59 61 62 63 64 65 66 67 68 69 71 72 73 74 76 78 82 83 84 85 86 87 89 90 91 92 93 94 95 97 100 101 103 107 108 109 110 111 112 113 114 115 117 123 124 126 130 133 135 136 137 138 140 141 142 145 146 147 148 149 152 154 155 157 159 160 161 162 163 164 165 166 167 170 171 172 173 174 177 179 180 181 182 183 184 185 186 187 188 189 190 191 
