100
8637 191 1553 4960
8317 5979 34 7865
2416 1676 1736 1392
2342 1444 1835 806
6167 1683 2019 5753
7196 2967 5925 1435
7758 677 2956 1255
2820 2402 315 1368
8151 2892 5791 5501
174 26 18 22
618 380 105 513
3242 1864 2671 1397
275 204 74 153
1622 949 452 699
5000 3268 4580 1261
8868 2566 8369 2988
153 33 144 97
9885 9057 9784 5435
9 6 3 7
5064 1988 4724 4090
5562 4741 3023 3147
2342 538 547 662
3557 400 2768 3013
89 61 25 35
1227 130 1214 140
3081 1865 2204 675
993 878 327 958
104 95 53 76
9209 4693 8324 3909
5524 2158 2874 4710
6165 802 740 4872
2058 749 661 205
3716 2856 3653 749
5536 5063 5029 2265
6961 3078 4752 1767
6656 2883 3875 3693
3705 3263 862 1130
2958 187 138 341
9912 2680 7794 7877
3994 1251 3914 1975
4644 1787 3171 671
6199 4569 2114 2763
8672 4794 5568 3658
1752 549 283 1385
8306 8117 7997 85
4765 3156 1534 4456
2168 528 1124 524
688 211 586 463
3354 555 2075 66
1220 987 1207 505
6985 4361 5573 3212
368 277 280 212
5120 3282 884 5023
5288 165 5087 929
9396 6324 906 3128
7963 39 7618 2027
4474 1831 4105 635
9116 742 5740 6759
7972 1584 7435 7752
5580 2242 4386 1957
5513 4164 75 2827
2718 1035 2257 2198
2860 2364 2346 298
6873 5329 6108 5069
1525 1337 1073 1457
858 23 151 704
4148 1699 3035 3818
1143 323 9 815
326 160 301 10
402 239 108 239
8714 3470 3574 1420
9039 7193 678 39
2183 842 132 762
6187 3876 1325 2578
2452 586 874 1352
3427 433 1645 2162
4283 3811 887 224
1878 700 1250 386
7775 2792 6759 6625
3411 2562 658 1675
3527 1969 1264 2226
6676 849 3811 1563
8547 6254 5432 2125
7924 5935 7191 2542
4376 4227 220 626
785 236 693 432
3350 820 226 3293
7933 623 147 3946
53 37 4 19
3957 957 609 3923
3652 2610 403 2212
3509 1050 2210 1822
6175 4969 5503 1556
6526 3742 6424 1712
26 8 15 8
2863 1471 728 2358
2059 364 1748 494
7310 3443 3871 6805
3523 227 3444 1946
4518 760 4319 2304
