100
7600 3309 662 7505
3224 462 2653 2072
9675 748 8754 6446
8341 5370 8048 2019
5086 2064 3433 1650
8621 7486 3442 365
3229 789 944 2242
2868 1557 2427 1744
8895 6480 11 5686
6795 4751 623 1519
3527 1354 3445 1978
1260 1074 485 345
7609 2627 6979 3482
9745 3692 2175 7136
1753 1753 651 1120
3301 789 1652 874
2458 714 141 1319
6925 3816 5651 6619
6521 5847 3085 6218
7926 5471 5503 5517
6098 5680 4082 631
3403 3214 1820 2207
6855 2716 1602 4319
4295 2329 2362 3222
5614 2836 3709 2817
6836 1556 5470 4249
8078 1576 6735 2388
3343 1931 3249 105
1420 1075 760 77
4562 2342 1843 541
2422 234 857 1787
168 145 102 124
3590 864 2504 24
5676 5628 2624 4327
7963 2329 6697 5671
6621 446 5937 5904
1319 206 692 1029
7521 1680 5747 1126
7317 4242 471 2267
3164 3029 705 2236
9870 2282 3789 4812
7231 4990 1061 5856
365 349 55 163
2710 1496 354 370
280 137 148 56
5890 864 1810 976
364 134 260 34
181 60 116 39
3104 170 2177 1478
5264 630 241 3155
2528 1540 2516 2357
5026 1250 4482 61
8191 2933 7910 6443
6134 5225 2555 2920
7494 5622 5502 365
5119 4528 189 3418
5064 331 2255 800
1948 958 916 1255
4359 612 2893 1671
2396 382 531 1676
8523 3599 3005 3693
338 140 221 302
9840 7993 9068 3627
4030 3148 3295 2538
2479 1355 1536 1042
259 193 89 67
494 119 220 390
9518 3201 8490 5498
4026 3941 356 559
8864 377 2096 1902
120 59 89 22
1178 922 906 201
4521 3417 1293 4325
3324 1724 605 72
1516 1340 1125 909
7696 3631 2414 5433
6181 4888 4005 3492
4739 1382 1728 4482
9036 2143 7198 5273
1000 723 603 86
846 106 33 734
3432 2205 1799 1307
2474 180 495 838
8098 4262 1374 944
3439 756 233 3174
9315 1086 7647 8363
6800 3923 3300 3261
3946 2797 464 2366
6041 4077 2440 3352
338 185 310 124
2474 2453 225 2129
5686 240 4626 5305
9575 6817 311 152
7019 4045 6213 5966
4054 703 2280 3466
9671 7237 4580 5168
3748 2022 1717 3687
4727 652 1347 3881
2261 1212 78 2251
8015 1494 817 1869
