3162278
3162120
3161962
3161804
3161646
3161487
3161329
3161171
3161013
3160855
3160697
3160538
3160380
3160222
3160064
3159906
3159747
3159589
3159431
3159273
3159114
3158956
3158798
3158639
3158481
3158323
3158165
3158006
3157848
3157690
3157531
3157373
3157214
3157056
3156898
3156739
3156581
3156423
3156264
3156106
3155947
3155789
3155630
3155472
3155313
3155155
3154997
3154838
3154680
3154521
3154363
3154204
3154046
3153887
3153728
3153570
3153411
3153253
3153094
3152936
3152777
3152618
3152460
3152301
3152143
3151984
3151825
3151667
3151508
3151349
3151191
3151032
3150873
3150715
3150556
3150397
3150239
3150080
3149921
3149762
3149604
3149445
3149286
3149127
3148969
3148810
3148651
3148492
3148333
3148175
3148016
3147857
3147698
3147539
3147380
3147221
3147063
3146904
3146745
3146586
3146427
3146268
3146109
3145950
3145791
3145632
3145473
3145314
3145156
3144997
3144838
3144679
3144520
3144361
3144202
3144042
3143883
3143724
3143565
3143406
3143247
3143088
3142929
3142770
3142611
3142452
3142293
3142134
3141974
3141815
3141656
3141497
3141338
3141179
3141019
3140860
3140701
3140542
3140383
3140223
3140064
3139905
3139746
3139586
3139427
3139268
3139109
3138949
3138790
3138631
3138471
3138312
3138153
3137993
3137834
3137675
3137515
3137356
3137197
3137037
3136878
3136719
3136559
3136400
3136240
3136081
3135921
3135762
3135603
3135443
3135284
3135124
3134965
3134805
3134646
3134486
3134327
3134167
3134008
3133848
3133688
3133529
3133369
3133210
3133050
3132891
3132731
3132571
3132412
3132252
3132092
3131933
3131773
3131614
3131454
3131294
3131134
3130975
3130815
3130655
3130496
3130336
3130176
3130016
3129857
3129697
3129537
3129377
3129218
3129058
3128898
3128738
3128578
3128419
3128259
3128099
3127939
3127779
3127619
3127460
3127300
3127140
3126980
3126820
3126660
3126500
3126340
3126180
3126020
3125860
3125700
3125540
3125380
3125220
3125060
3124900
3124740
3124580
3124420
3124260
3124100
3123940
3123780
3123620
3123460
3123300
3123140
3122980
3122820
3122660
3122499
3122339
3122179
3122019
3121859
3121699
3121539
3121378
3121218
3121058
3120898
3120738
3120577
3120417
3120257
3120097
3119936
3119776
3119616
3119456
3119295
3119135
3118975
3118814
3118654
3118494
3118333
3118173
3118013
3117852
3117692
3117532
3117371
3117211
3117050
3116890
3116730
3116569
3116409
3116248
3116088
3115927
3115767
3115606
3115446
3115285
3115125
3114964
3114804
3114643
3114483
3114322
3114162
3114001
3113841
3113680
3113519
3113359
3113198
3113038
3112877
3112716
3112556
3112395
3112234
3112074
3111913
3111752
3111592
3111431
3111270
3111110
3110949
3110788
3110627
3110467
3110306
3110145
3109984
3109824
3109663
3109502
3109341
3109180
3109020
3108859
3108698
3108537
3108376
3108215
3108055
3107894
3107733
3107572
3107411
3107250
3107089
3106928
3106767
3106606
3106445
3106284
3106123
3105963
3105802
3105641
3105480
3105319
3105158
3104996
3104835
3104674
3104513
3104352
3104191
3104030
3103869
3103708
3103547
3103386
3103225
3103064
3102902
3102741
3102580
3102419
3102258
3102097
3101935
3101774
3101613
3101452
3101291
3101129
3100968
3100807
3100646
3100484
3100323
3100162
3100000
3099839
3099678
3099517
3099355
3099194
3099033
3098871
3098710
3098549
3098387
3098226
3098064
3097903
3097742
3097580
3097419
3097257
3097096
3096934
3096773
3096612
3096450
3096289
3096127
3095966
3095804
3095643
3095481
3095320
3095158
3094996
3094835
3094673
3094512
3094350
3094189
3094027
3093865
3093704
3093542
3093381
3093219
3093057
3092896
3092734
3092572
3092411
3092249
3092087
3091925
3091764
3091602
3091440
3091279
3091117
3090955
3090793
3090632
3090470
3090308
3090146
3089984
3089823
3089661
3089499
3089337
3089175
3089013
3088851
3088690
3088528
3088366
3088204
3088042
3087880
3087718
3087556
3087394
3087232
3087070
3086908
3086746
3086584
3086422
3086260
3086098
3085936
3085774
3085612
3085450
3085288
3085126
3084964
3084802
3084640
3084478
3084316
3084154
3083991
3083829
3083667
3083505
3083343
3083181
3083019
3082856
3082694
3082532
3082370
3082208
3082045
3081883
3081721
3081559
3081396
3081234
3081072
3080909
3080747
3080585
3080423
3080260
3080098
3079936
3079773
3079611
3079449
3079286
3079124
3078961
3078799
3078637
3078474
3078312
3078149
3077987
3077824
3077662
3077499
3077337
3077175
3077012
3076850
3076687
3076525
3076362
3076199
3076037
3075874
3075712
3075549
3075387
3075224
3075061
3074899
3074736
3074574
3074411
3074248
3074086
3073923
3073760
3073598
3073435
3073272
3073110
3072947
3072784
3072622
3072459
3072296
3072133
3071971
3071808
3071645
3071482
3071319
3071157
3070994
3070831
3070668
3070505
3070343
3070180
3070017
3069854
3069691
3069528
3069365
3069202
3069039
3068877
3068714
3068551
3068388
3068225
3068062
3067899
3067736
3067573
3067410
3067247
3067084
3066921
3066758
3066595
3066432
3066269
3066106
3065942
3065779
3065616
3065453
3065290
3065127
3064964
3064801
3064638
3064474
3064311
3064148
3063985
3063822
3063658
3063495
3063332
3063169
3063006
3062842
3062679
3062516
3062353
3062189
3062026
3061863
3061699
3061536
3061373
3061209
3061046
3060883
3060719
3060556
3060393
3060229
3060066
3059902
3059739
3059576
3059412
3059249
3059085
3058922
3058758
3058595
3058431
3058268
3058104
3057941
3057777
3057614
3057450
3057287
3057123
3056960
3056796
3056633
3056469
3056305
3056142
3055978
3055815
3055651
3055487
3055324
3055160
3054996
3054833
3054669
3054505
3054342
3054178
3054014
3053851
3053687
3053523
3053359
3053196
3053032
3052868
3052704
3052540
3052377
3052213
3052049
3051885
3051721
3051557
3051394
3051230
3051066
3050902
3050738
3050574
3050410
3050246
3050082
3049919
3049755
3049591
3049427
3049263
3049099
3048935
3048771
3048607
3048443
3048279
3048115
3047951
3047787
3047623
3047458
3047294
3047130
3046966
3046802
3046638
3046474
3046310
3046146
3045981
3045817
3045653
3045489
3045325
3045161
3044996
3044832
3044668
3044504
3044340
3044175
3044011
3043847
3043682
3043518
3043354
3043190
3043025
3042861
3042697
3042532
3042368
3042204
3042039
3041875
3041711
3041546
3041382
3041217
3041053
3040889
3040724
3040560
3040395
3040231
3040066
3039902
3039737
3039573
3039408
3039244
3039079
3038915
3038750
3038586
3038421
3038257
3038092
3037927
3037763
3037598
3037434
3037269
3037104
3036940
3036775
3036610
3036446
3036281
3036116
3035952
3035787
3035622
3035458
3035293
3035128
3034963
3034799
3034634
3034469
3034304
3034140
3033975
3033810
3033645
3033480
3033316
3033151
3032986
3032821
3032656
3032491
3032326
3032161
3031997
3031832
3031667
3031502
3031337
3031172
3031007
3030842
3030677
3030512
3030347
3030182
3030017
3029852
3029687
3029522
3029357
3029192
3029027
3028862
3028697
3028531
3028366
3028201
3028036
3027871
3027706
3027541
3027376
3027210
3027045
3026880
3026715
3026550
3026384
3026219
3026054
3025889
3025724
3025558
3025393
3025228
3025062
3024897
3024732
3024567
3024401
3024236
3024071
3023905
3023740
3023575
3023409
3023244
3023078
3022913
3022748
3022582
3022417
3022251
3022086
3021920
3021755
3021589
3021424
3021259
3021093
3020928
3020762
3020596
3020431
3020265
3020100
3019934
3019769
3019603
3019438
3019272
3019106
3018941
3018775
3018609
3018444
3018278
3018112
3017947
3017781
3017615
3017450
3017284
3017118
3016953
3016787
3016621
3016455
3016290
3016124
3015958
3015792
3015626
3015461
3015295
3015129
3014963
3014797
3014631
3014466
3014300
3014134
3013968
3013802
3013636
3013470
3013304
3013138
3012972
3012807
3012641
3012475
3012309
3012143
3011977
3011811
3011645
3011479
3011313
3011146
3010980
3010814
3010648
3010482
3010316
3010150
3009984
3009818
3009652
3009486
3009319
3009153
3008987
3008821
3008655
3008488
3008322
3008156
3007990
3007824
3007657
3007491
3007325
3007159
3006992
3006826
3006660
3006493
3006327
3006161
3005995
3005828
3005662
3005495
3005329
3005163
3004996
3004830
3004664
3004497
3004331
3004164
3003998
3003831
3003665
3003498
3003332
3003165
3002999
3002832
3002666
3002499
3002333
3002166
3002000
3001833
3001667
3001500
3001334
3001167
3001000
3000834
3000667
3000500
3000334
3000167
3000000
2999834
2999667
2999500
2999334
2999167
2999000
2998834
2998667
2998500
2998333
2998167
2998000
2997833
2997666
2997499
2997333
2997166
2996999
2996832
2996665
2996498
2996332
2996165
2995998
2995831
2995664
2995497
2995330
2995163
2994996
2994829
2994662
2994495
2994328
2994161
2993994
2993827
2993660
2993493
2993326
2993159
2992992
2992825
2992658
2992491
2992324
2992157
2991990
2991823
2991656
2991488
2991321
2991154
2990987
2990820
2990653
2990485
2990318
2990151
2989984
2989817
2989649
2989482
2989315
2989148
2988980
2988813
2988646
2988478
2988311
2988144
2987976
2987809
2987642
2987474
2987307
2987140
2986972
2986805
2986637
2986470
2986303
2986135
2985968
2985800
2985633
2985465
2985298
2985130
2984963
2984795
2984628
2984460
2984293
2984125
2983958
2983790
2983622
2983455
2983287
2983120
2982952
2982784
2982617
2982449
2982282
2982114
2981946
2981778
2981611
2981443
2981275
2981108
2980940
2980772
2980604
2980437
2980269
2980101
2979933
2979766
2979598
2979430
2979262
2979094
2978926
2978759
2978591
2978423
2978255
2978087
2977919
2977751
2977583
2977415
2977248
2977080
2976912
2976744
2976576
2976408
2976240
2976072
2975904
2975736
2975568
2975400
2975232
2975064
2974895
2974727
2974559
2974391
2974223
2974055
2973887
2973719
2973551
2973382
2973214
2973046
2972878
2972710
2972542
2972373
2972205
2972037
2971869
2971700
2971532
2971364
2971196
2971027
2970859
2970691
2970522
2970354
2970186
2970017
2969849
2969681
2969512
2969344
2969175
2969007
2968839
2968670
2968502
2968333
2968165
2967996
2967828
2967660
2967491
2967323
2967154
2966986
2966817
2966648
2966480
2966311
2966143
2965974
2965806
2965637
2965468
2965300
2965131
2964963
2964794
2964625
2964457
2964288
2964119
2963951
2963782
2963613
2963444
2963276
2963107
2962938
2962769
2962601
2962432
2962263
2962094
2961926
2961757
2961588
2961419
2961250
2961081
2960913
2960744
2960575
2960406
2960237
2960068
2959899
2959730
2959561
2959392
2959223
2959054
2958885
2958716
2958547
2958378
2958209
2958040
2957871
2957702
2957533
2957364
2957195
2957026
2956857
2956688
2956519
2956350
2956180
2956011
2955842
2955673
2955504
2955335
2955165
2954996
2954827
2954658
2954489
2954319
2954150
2953981
2953812
2953642
2953473
2953304
2953134
2952965
2952796
2952626
2952457
2952288
2952118
2951949
2951780
2951610
2951441
2951271
2951102
2950933
2950763
2950594
2950424
2950255
2950085
2949916
2949746
2949577
2949407
2949238
2949068
2948899
2948729
2948559
2948390
2948220
2948051
2947881
2947711
2947542
2947372
2947203
2947033
2946863
2946694
2946524
2946354
2946184
2946015
2945845
2945675
2945506
2945336
2945166
2944996
2944826
2944657
2944487
2944317
2944147
2943977
2943808
2943638
2943468
2943298
2943128
2942958
2942788
2942618
2942448
2942279
2942109
2941939
2941769
2941599
2941429
2941259
2941089
2940919
2940749
2940579
2940409
2940239
2940069
2939898
2939728
2939558
2939388
2939218
2939048
2938878
2938708
2938538
2938367
2938197
2938027
2937857
2937687
2937516
2937346
2937176
2937006
2936836
2936665
2936495
2936325
2936154
2935984
2935814
2935644
2935473
2935303
2935133
2934962
2934792
2934621
2934451
2934281
2934110
2933940
2933769
2933599
2933429
2933258
2933088
2932917
2932747
2932576
2932406
2932235
2932065
2931894
2931724
2931553
2931382
2931212
2931041
2930871
2930700
2930529
2930359
2930188
2930018
2929847
2929676
2929506
2929335
2929164
2928994
2928823
2928652
2928481
2928311
2928140
2927969
2927798
2927628
2927457
2927286
2927115
2926944
2926773
2926603
2926432
2926261
2926090
2925919
2925748
2925577
2925406
2925236
2925065
2924894
2924723
2924552
2924381
2924210
2924039
2923868
2923697
2923526
2923355
2923184
2923013
2922842
2922671
2922499
2922328
2922157
2921986
2921815
2921644
2921473
2921302
2921130
2920959
2920788
2920617
2920446
2920274
2920103
2919932
2919761
2919590
2919418
2919247
2919076
2918904
2918733
2918562
2918390
2918219
2918048
2917876
2917705
2917534
2917362
2917191
2917020
2916848
2916677
2916505
2916334
2916162
2915991
2915819
2915648
2915476
2915305
2915133
2914962
2914790
2914619
2914447
2914276
2914104
2913933
2913761
2913589
2913418
2913246
2913074
2912903
2912731
2912560
2912388
2912216
2912044
2911873
2911701
2911529
2911358
2911186
2911014
2910842
2910671
2910499
2910327
2910155
2909983
2909811
2909640
2909468
2909296
2909124
2908952
2908780
2908608
2908437
2908265
2908093
2907921
2907749
2907577
2907405
2907233
2907061
2906889
2906717
2906545
2906373
2906201
2906029
2905857
2905685
2905513
2905340
2905168
2904996
2904824
2904652
2904480
2904308
2904135
2903963
2903791
2903619
2903447
2903275
2903102
2902930
2902758
2902586
2902413
2902241
2902069
2901896
2901724
2901552
2901379
2901207
2901035
2900862
2900690
2900518
2900345
2900173
2900000
2899828
2899656
2899483
2899311
2899138
2898966
2898793
2898621
2898448
2898276
2898103
2897931
2897758
2897586
2897413
2897241
2897068
2896895
2896723
2896550
2896378
2896205
2896032
2895860
2895687
2895514
2895342
2895169
2894996
2894823
2894651
2894478
2894305
2894132
2893960
2893787
2893614
2893441
2893269
2893096
2892923
2892750
2892577
2892404
2892231
2892059
2891886
2891713
2891540
2891367
2891194
2891021
2890848
2890675
2890502
2890329
2890156
2889983
2889810
2889637
2889464
2889291
2889118
2888945
2888772
2888599
2888426
2888253
2888079
2887906
2887733
2887560
2887387
2887214
2887041
2886867
2886694
2886521
2886348
2886174
2886001
2885828
2885655
2885481
2885308
2885135
2884962
2884788
2884615
2884442
2884268
2884095
2883921
2883748
2883575
2883401
2883228
2883054
2882881
2882708
2882534
2882361
2882187
2882014
2881840
2881667
2881493
2881320
2881146
2880973
2880799
2880625
2880452
2880278
2880105
2879931
2879757
2879584
2879410
2879237
2879063
2878889
2878715
2878542
2878368
2878194
2878021
2877847
2877673
2877499
2877326
2877152
2876978
2876804
2876630
2876457
2876283
2876109
2875935
2875761
2875587
2875414
2875240
2875066
2874892
2874718
2874544
2874370
2874196
2874022
2873848
2873674
2873500
2873326
2873152
2872978
2872804
2872630
2872456
2872282
2872108
2871934
2871760
2871585
2871411
2871237
2871063
2870889
2870715
2870541
2870366
2870192
2870018
2869844
2869669
2869495
2869321
2869147
2868972
2868798
2868624
2868450
2868275
2868101
2867927
2867752
2867578
2867404
2867229
2867055
2866880
2866706
2866532
2866357
2866183
2866008
2865834
2865659
2865485
2865310
2865136
2864961
2864787
2864612
2864438
2864263
2864088
2863914
2863739
2863565
2863390
2863215
2863041
2862866
2862692
2862517
2862342
2862168
2861993
2861818
2861643
2861469
2861294
2861119
2860944
2860770
2860595
2860420
2860245
2860070
2859896
2859721
2859546
2859371
2859196
2859021
2858846
2858672
2858497
2858322
2858147
2857972
2857797
2857622
2857447
2857272
2857097
2856922
2856747
2856572
2856397
2856222
2856047
2855872
2855697
2855521
2855346
2855171
2854996
2854821
2854646
2854471
2854296
2854120
2853945
2853770
2853595
2853420
2853244
2853069
2852894
2852719
2852543
2852368
2852193
2852017
2851842
2851667
2851491
2851316
2851141
2850965
2850790
2850614
2850439
2850264
2850088
2849913
2849737
2849562
2849386
2849211
2849035
2848860
2848684
2848509
2848333
2848158
2847982
2847807
2847631
2847456
2847280
2847104
2846929
2846753
2846577
2846402
2846226
2846050
2845875
2845699
2845523
2845348
2845172
2844996
2844820
2844645
2844469
2844293
2844117
2843941
2843766
2843590
2843414
2843238
2843062
2842886
2842710
2842535
2842359
2842183
2842007
2841831
2841655
2841479
2841303
2841127
2840951
2840775
2840599
2840423
2840247
2840071
2839895
2839719
2839543
2839367
2839191
2839014
2838838
2838662
2838486
2838310
2838134
2837958
2837781
2837605
2837429
2837253
2837076
2836900
2836724
2836548
2836371
2836195
2836019
2835843
2835666
2835490
2835314
2835137
2834961
2834784
2834608
2834432
2834255
2834079
2833902
2833726
2833550
2833373
2833197
2833020
2832844
2832667
2832491
2832314
2832138
2831961
2831784
2831608
2831431
2831255
2831078
2830901
2830725
2830548
2830372
2830195
2830018
2829841
2829665
2829488
2829311
2829135
2828958
2828781
2828604
2828428
2828251
2828074
2827897
2827720
2827544
2827367
2827190
2827013
2826836
2826659
2826482
2826306
2826129
2825952
2825775
2825598
2825421
2825244
2825067
2824890
2824713
2824536
2824359
2824182
2824005
2823828
2823651
2823474
2823296
2823119
2822942
2822765
2822588
2822411
2822234
2822056
2821879
2821702
2821525
2821348
2821170
2820993
2820816
2820639
2820461
2820284
2820107
2819930
2819752
2819575
2819398
2819220
2819043
2818866
2818688
2818511
2818333
2818156
2817978
2817801
2817624
2817446
2817269
2817091
2816914
2816736
2816559
2816381
2816204
2816026
2815849
2815671
2815493
2815316
2815138
2814961
2814783
2814605
2814428
2814250
2814072
2813895
2813717
2813539
2813361
2813184
2813006
2812828
2812650
2812473
2812295
2812117
2811939
2811762
2811584
2811406
2811228
2811050
2810872
2810694
2810516
2810339
2810161
2809983
2809805
2809627
2809449
2809271
2809093
2808915
2808737
2808559
2808381
2808203
2808025
2807847
2807669
2807490
2807312
2807134
2806956
2806778
2806600
2806422
2806244
2806065
2805887
2805709
2805531
2805353
2805174
2804996
2804818
2804640
2804461
2804283
2804105
2803926
2803748
2803570
2803391
2803213
2803035
2802856
2802678
2802499
2802321
2802143
2801964
2801786
2801607
2801429
2801250
2801072
2800893
2800715
2800536
2800358
2800179
2800000
2799822
2799643
2799465
2799286
2799108
2798929
2798750
2798572
2798393
2798214
2798036
2797857
2797678
2797499
2797321
2797142
2796963
2796784
2796606
2796427
2796248
2796069
2795890
2795712
2795533
2795354
2795175
2794996
2794817
2794638
2794459
2794280
2794101
2793922
2793744
2793565
2793386
2793207
2793028
2792849
2792669
2792490
2792311
2792132
2791953
2791774
2791595
2791416
2791237
2791058
2790878
2790699
2790520
2790341
2790162
2789983
2789803
2789624
2789445
2789266
2789086
2788907
2788728
2788549
2788369
2788190
2788011
2787831
2787652
2787472
2787293
2787114
2786934
2786755
2786575
2786396
2786217
2786037
2785858
2785678
2785499
2785319
2785140
2784960
2784781
2784601
2784421
2784242
2784062
2783883
2783703
2783523
2783344
2783164
2782985
2782805
2782625
2782445
2782266
2782086
2781906
2781727
2781547
2781367
2781187
2781008
2780828
2780648
2780468
2780288
2780108
2779929
2779749
2779569
2779389
2779209
2779029
2778849
2778669
2778489
2778309
2778129
2777949
2777769
2777589
2777409
2777229
2777049
2776869
2776689
2776509
2776329
2776149
2775969
2775789
2775609
2775428
2775248
2775068
2774888
2774708
2774527
2774347
2774167
2773987
2773807
2773626
2773446
2773266
2773085
2772905
2772725
2772544
2772364
2772184
2772003
2771823
2771643
2771462
2771282
2771101
2770921
2770740
2770560
2770380
2770199
2770019
2769838
2769658
2769477
2769296
2769116
2768935
2768755
2768574
2768394
2768213
2768032
2767852
2767671
2767490
2767310
2767129
2766948
2766768
2766587
2766406
2766225
2766045
2765864
2765683
2765502
2765321
2765141
2764960
2764779
2764598
2764417
2764236
2764055
2763875
2763694
2763513
2763332
2763151
2762970
2762789
2762608
2762427
2762246
2762065
2761884
2761703
2761522
2761341
2761160
2760979
2760797
2760616
2760435
2760254
2760073
2759892
2759711
2759529
2759348
2759167
2758986
2758805
2758623
2758442
2758261
2758080
2757898
2757717
2757536
2757354
2757173
2756992
2756810
2756629
2756447
2756266
2756085
2755903
2755722
2755540
2755359
2755177
2754996
2754814
2754633
2754451
2754270
2754088
2753907
2753725
2753544
2753362
2753180
2752999
2752817
2752636
2752454
2752272
2752091
2751909
2751727
2751546
2751364
2751182
2751000
2750819
2750637
2750455
2750273
2750091
2749910
2749728
2749546
2749364
2749182
2749000
2748818
2748637
2748455
2748273
2748091
2747909
2747727
2747545
2747363
2747181
2746999
2746817
2746635
2746453
2746271
2746089
2745907
2745724
2745542
2745360
2745178
2744996
2744814
2744632
2744449
2744267
2744085
2743903
2743721
2743538
2743356
2743174
2742992
2742809
2742627
2742445
2742262
2742080
2741898
2741715
2741533
2741351
2741168
2740986
2740803
2740621
2740438
2740256
2740073
2739891
2739709
2739526
2739343
2739161
2738978
2738796
2738613
2738431
2738248
2738066
2737883
2737700
2737518
2737335
2737152
2736970
2736787
2736604
2736422
2736239
2736056
2735873
2735691
2735508
2735325
2735142
2734959
2734777
2734594
2734411
2734228
2734045
2733862
2733679
2733496
2733314
2733131
2732948
2732765
2732582
2732399
2732216
2732033
2731850
2731667
2731484
2731301
2731117
2730934
2730751
2730568
2730385
2730202
2730019
2729836
2729652
2729469
2729286
2729103
2728920
2728736
2728553
2728370
2728187
2728003
2727820
2727637
2727454
2727270
2727087
2726904
2726720
2726537
2726353
2726170
2725987
2725803
2725620
2725436
2725253
2725069
2724886
2724702
2724519
2724335
2724152
2723968
2723785
2723601
2723417
2723234
2723050
2722867
2722683
2722499
2722316
2722132
2721948
2721765
2721581
2721397
2721213
2721030
2720846
2720662
2720478
2720295
2720111
2719927
2719743
2719559
2719375
2719192
2719008
2718824
2718640
2718456
2718272
2718088
2717904
2717720
2717536
2717352
2717168
2716984
2716800
2716616
2716432
2716248
2716064
2715880
2715696
2715512
2715327
2715143
2714959
2714775
2714591
2714407
2714222
2714038
2713854
2713670
2713485
2713301
2713117
2712932
2712748
2712564
2712380
2712195
2712011
2711826
2711642
2711458
2711273
2711089
2710904
2710720
2710536
2710351
2710167
2709982
2709798
2709613
2709428
2709244
2709059
2708875
2708690
2708506
2708321
2708136
2707952
2707767
2707582
2707398
2707213
2707028
2706844
2706659
2706474
2706289
2706105
2705920
2705735
2705550
2705366
2705181
2704996
2704811
2704626
2704441
2704256
2704072
2703887
2703702
2703517
2703332
2703147
2702962
2702777
2702592
2702407
2702222
2702037
2701852
2701667
2701482
2701296
2701111
2700926
2700741
2700556
2700371
2700186
2700000
2699815
2699630
2699445
2699260
2699074
2698889
2698704
2698519
2698333
2698148
2697963
2697777
2697592
2697407
2697221
2697036
2696851
2696665
2696480
2696294
2696109
2695923
2695738
2695552
2695367
2695181
2694996
2694810
2694625
2694439
2694254
2694068
2693882
2693697
2693511
2693326
2693140
2692954
2692769
2692583
2692397
2692211
2692026
2691840
2691654
2691469
2691283
2691097
2690911
2690725
2690539
2690354
2690168
2689982
2689796
2689610
2689424
2689238
2689052
2688866
2688680
2688495
2688309
2688123
2687937
2687750
2687564
2687378
2687192
2687006
2686820
2686634
2686448
2686262
2686076
2685890
2685703
2685517
2685331
2685145
2684959
2684772
2684586
2684400
2684214
2684027
2683841
2683655
2683468
2683282
2683096
2682909
2682723
2682537
2682350
2682164
2681977
2681791
2681604
2681418
2681232
2681045
2680859
2680672
2680486
2680299
2680112
2679926
2679739
2679553
2679366
2679179
2678993
2678806
2678620
2678433
2678246
2678059
2677873
2677686
2677499
2677313
2677126
2676939
2676752
2676565
2676379
2676192
2676005
2675818
2675631
2675444
2675257
2675071
2674884
2674697
2674510
2674323
2674136
2673949
2673762
2673575
2673388
2673201
2673014
2672827
2672640
2672453
2672265
2672078
2671891
2671704
2671517
2671330
2671143
2670955
2670768
2670581
2670394
2670206
2670019
2669832
2669645
2669457
2669270
2669083
2668895
2668708
2668521
2668333
2668146
2667959
2667771
2667584
2667396
2667209
2667021
2666834
2666646
2666459
2666271
2666084
2665896
2665709
2665521
2665333
2665146
2664958
2664771
2664583
2664395
2664208
2664020
2663832
2663645
2663457
2663269
2663081
2662894
2662706
2662518
2662330
2662142
2661955
2661767
2661579
2661391
2661203
2661015
2660827
2660640
2660452
2660264
2660076
2659888
2659700
2659512
2659324
2659136
2658948
2658760
2658572
2658383
2658195
2658007
2657819
2657631
2657443
2657255
2657067
2656878
2656690
2656502
2656314
2656125
2655937
2655749
2655561
2655372
2655184
2654996
2654807
2654619
2654431
2654242
2654054
2653866
2653677
2653489
2653300
2653112
2652923
2652735
2652546
2652358
2652169
2651981
2651792
2651604
2651415
2651227
2651038
2650849
2650661
2650472
2650284
2650095
2649906
2649717
2649529
2649340
2649151
2648963
2648774
2648585
2648396
2648207
2648019
2647830
2647641
2647452
2647263
2647074
2646885
2646697
2646508
2646319
2646130
2645941
2645752
2645563
2645374
2645185
2644996
2644807
2644618
2644429
2644240
2644050
2643861
2643672
2643483
2643294
2643105
2642916
2642726
2642537
2642348
2642159
2641969
2641780
2641591
2641402
2641212
2641023
2640834
2640644
2640455
2640266
2640076
2639887
2639697
2639508
2639319
2639129
2638940
2638750
2638561
2638371
2638182
2637992
2637803
2637613
2637423
2637234
2637044
2636855
2636665
2636475
2636286
2636096
2635906
2635717
2635527
2635337
2635148
2634958
2634768
2634578
2634388
2634199
2634009
2633819
2633629
2633439
2633249
2633060
2632870
2632680
2632490
2632300
2632110
2631920
2631730
2631540
2631350
2631160
2630970
2630780
2630590
2630400
2630210
2630020
2629829
2629639
2629449
2629259
2629069
2628879
2628688
2628498
2628308
2628118
2627927
2627737
2627547
2627357
2627166
2626976
2626786
2626595
2626405
2626215
2626024
2625834
2625643
2625453
2625262
2625072
2624881
2624691
2624500
2624310
2624119
2623929
2623738
2623548
2623357
2623167
2622976
2622785
2622595
2622404
2622213
2622023
2621832
2621641
2621450
2621260
2621069
2620878
2620687
2620497
2620306
2620115
2619924
2619733
2619542
2619352
2619161
2618970
2618779
2618588
2618397
2618206
2618015
2617824
2617633
2617442
2617251
2617060
2616869
2616678
2616487
2616296
2616104
2615913
2615722
2615531
2615340
2615149
2614957
2614766
2614575
2614384
2614193
2614001
2613810
2613619
2613427
2613236
2613045
2612853
2612662
2612471
2612279
2612088
2611896
2611705
2611513
2611322
2611131
2610939
2610748
2610556
2610364
2610173
2609981
2609790
2609598
2609407
2609215
2609023
2608832
2608640
2608448
2608257
2608065
2607873
2607681
2607490
2607298
2607106
2606914
2606723
2606531
2606339
2606147
2605955
2605763
2605571
2605380
2605188
2604996
2604804
2604612
2604420
2604228
2604036
2603844
2603652
2603460
2603268
2603076
2602884
2602691
2602499
2602307
2602115
2601923
2601731
2601539
2601346
2601154
2600962
2600770
2600577
2600385
2600193
2600000
2599808
2599616
2599424
2599231
2599039
2598846
2598654
2598462
2598269
2598077
2597884
2597692
2597499
2597307
2597114
2596922
2596729
2596537
2596344
2596151
2595959
2595766
2595574
2595381
2595188
2594996
2594803
2594610
2594418
2594225
2594032
2593839
2593647
2593454
2593261
2593068
2592875
2592683
2592490
2592297
2592104
2591911
2591718
2591525
2591332
2591139
2590946
2590753
2590560
2590367
2590174
2589981
2589788
2589595
2589402
2589209
2589016
2588823
2588629
2588436
2588243
2588050
2587857
2587664
2587470
2587277
2587084
2586891
2586697
2586504
2586311
2586117
2585924
2585731
2585537
2585344
2585150
2584957
2584764
2584570
2584377
2584183
2583990
2583796
2583603
2583409
2583216
2583022
2582828
2582635
2582441
2582248
2582054
2581860
2581667
2581473
2581279
2581086
2580892
2580698
2580504
2580311
2580117
2579923
2579729
2579535
2579342
2579148
2578954
2578760
2578566
2578372
2578178
2577984
2577790
2577596
2577402
2577208
2577014
2576820
2576626
2576432
2576238
2576044
2575850
2575656
2575462
2575267
2575073
2574879
2574685
2574491
2574297
2574102
2573908
2573714
2573519
2573325
2573131
2572937
2572742
2572548
2572354
2572159
2571965
2571770
2571576
2571381
2571187
2570993
2570798
2570604
2570409
2570214
2570020
2569825
2569631
2569436
2569242
2569047
2568852
2568658
2568463
2568268
2568074
2567879
2567684
2567490
2567295
2567100
2566905
2566710
2566516
2566321
2566126
2565931
2565736
2565541
2565346
2565152
2564957
2564762
2564567
2564372
2564177
2563982
2563787
2563592
2563397
2563202
2563007
2562811
2562616
2562421
2562226
2562031
2561836
2561641
2561445
2561250
2561055
2560860
2560664
2560469
2560274
2560079
2559883
2559688
2559493
2559297
2559102
2558907
2558711
2558516
2558320
2558125
2557929
2557734
2557538
2557343
2557147
2556952
2556756
2556561
2556365
2556170
2555974
2555778
2555583
2555387
2555191
2554996
2554800
2554604
2554408
2554213
2554017
2553821
2553625
2553430
2553234
2553038
2552842
2552646
2552450
2552254
2552058
2551863
2551667
2551471
2551275
2551079
2550883
2550687
2550491
2550295
2550099
2549902
2549706
2549510
2549314
2549118
2548922
2548726
2548529
2548333
2548137
2547941
2547745
2547548
2547352
2547156
2546959
2546763
2546567
2546370
2546174
2545978
2545781
2545585
2545388
2545192
2544996
2544799
2544603
2544406
2544210
2544013
2543817
2543620
2543423
2543227
2543030
2542834
2542637
2542440
2542244
2542047
2541850
2541654
2541457
2541260
2541063
2540866
2540670
2540473
2540276
2540079
2539882
2539686
2539489
2539292
2539095
2538898
2538701
2538504
2538307
2538110
2537913
2537716
2537519
2537322
2537125
2536928
2536731
2536534
2536336
2536139
2535942
2535745
2535548
2535351
2535153
2534956
2534759
2534562
2534364
2534167
2533970
2533772
2533575
2533378
2533180
2532983
2532786
2532588
2532391
2532193
2531996
2531798
2531601
2531403
2531206
2531008
2530811
2530613
2530415
2530218
2530020
2529823
2529625
2529427
2529230
2529032
2528834
2528636
2528439
2528241
2528043
2527845
2527648
2527450
2527252
2527054
2526856
2526658
2526460
2526263
2526065
2525867
2525669
2525471
2525273
2525075
2524877
2524679
2524481
2524283
2524084
2523886
2523688
2523490
2523292
2523094
2522896
2522697
2522499
2522301
2522103
2521905
2521706
2521508
2521310
2521111
2520913
2520715
2520516
2520318
2520120
2519921
2519723
2519524
2519326
2519127
2518929
2518730
2518532
2518333
2518135
2517936
2517738
2517539
2517340
2517142
2516943
2516744
2516546
2516347
2516148
2515950
2515751
2515552
2515353
2515155
2514956
2514757
2514558
2514359
2514160
2513962
2513763
2513564
2513365
2513166
2512967
2512768
2512569
2512370
2512171
2511972
2511773
2511574
2511375
2511176
2510976
2510777
2510578
2510379
2510180
2509981
2509781
2509582
2509383
2509184
2508984
2508785
2508586
2508386
2508187
2507988
2507788
2507589
2507390
2507190
2506991
2506791
2506592
2506392
2506193
2505993
2505794
2505594
2505395
2505195
2504996
2504796
2504596
2504397
2504197
2503997
2503798
2503598
2503398
2503198
2502999
2502799
2502599
2502399
2502200
2502000
2501800
2501600
2501400
2501200
2501000
2500800
2500600
2500400
2500200
2500000
2499800
2499600
2499400
2499200
2499000
2498800
2498600
2498400
2498200
2498000
2497800
2497599
2497399
2497199
2496999
2496798
2496598
2496398
2496198
2495997
2495797
2495597
2495396
2495196
2494995
2494795
2494595
2494394
2494194
2493993
2493793
2493592
2493392
2493191
2492991
2492790
2492590
2492389
2492188
2491988
2491787
2491586
2491386
2491185
2490984
2490784
2490583
2490382
2490181
2489980
2489780
2489579
2489378
2489177
2488976
2488775
2488574
2488373
2488173
2487972
2487771
2487570
2487369
2487168
2486967
2486765
2486564
2486363
2486162
2485961
2485760
2485559
2485358
2485156
2484955
2484754
2484553
2484352
2484150
2483949
2483748
2483546
2483345
2483144
2482942
2482741
2482540
2482338
2482137
2481935
2481734
2481532
2481331
2481129
2480928
2480726
2480525
2480323
2480121
2479920
2479718
2479517
2479315
2479113
2478912
2478710
2478508
2478306
2478105
2477903
2477701
2477499
2477297
2477096
2476894
2476692
2476490
2476288
2476086
2475884
2475682
2475480
2475278
2475076
2474874
2474672
2474470
2474268
2474066
2473864
2473662
2473460
2473257
2473055
2472853
2472651
2472449
2472246
2472044
2471842
2471640
2471437
2471235
2471033
2470830
2470628
2470426
2470223
2470021
2469818
2469616
2469413
2469211
2469008
2468806
2468603
2468401
2468198
2467996
2467793
2467590
2467388
2467185
2466982
2466780
2466577
2466374
2466172
2465969
2465766
2465563
2465361
2465158
2464955
2464752
2464549
2464346
2464143
2463940
2463737
2463535
2463332
2463129
2462926
2462723
2462520
2462316
2462113
2461910
2461707
2461504
2461301
2461098
2460895
2460691
2460488
2460285
2460082
2459879
2459675
2459472
2459269
2459065
2458862
2458659
2458455
2458252
2458049
2457845
2457642
2457438
2457235
2457031
2456828
2456624
2456421
2456217
2456014
2455810
2455606
2455403
2455199
2454995
2454792
2454588
2454384
2454181
2453977
2453773
2453569
2453366
2453162
2452958
2452754
2452550
2452346
2452142
2451939
2451735
2451531
2451327
2451123
2450919
2450715
2450511
2450307
2450103
2449898
2449694
2449490
2449286
2449082
2448878
2448674
2448469
2448265
2448061
2447857
2447652
2447448
2447244
2447040
2446835
2446631
2446426
2446222
2446018
2445813
2445609
2445404
2445200
2444995
2444791
2444586
2444382
2444177
2443973
2443768
2443563
2443359
2443154
2442950
2442745
2442540
2442335
2442131
2441926
2441721
2441516
2441312
2441107
2440902
2440697
2440492
2440287
2440082
2439878
2439673
2439468
2439263
2439058
2438853
2438648
2438443
2438238
2438032
2437827
2437622
2437417
2437212
2437007
2436802
2436596
2436391
2436186
2435981
2435776
2435570
2435365
2435160
2434954
2434749
2434544
2434338
2434133
2433927
2433722
2433516
2433311
2433106
2432900
2432694
2432489
2432283
2432078
2431872
2431667
2431461
2431255
2431050
2430844
2430638
2430433
2430227
2430021
2429815
2429610
2429404
2429198
2428992
2428786
2428580
2428374
2428169
2427963
2427757
2427551
2427345
2427139
2426933
2426727
2426521
2426315
2426108
2425902
2425696
2425490
2425284
2425078
2424872
2424665
2424459
2424253
2424047
2423840
2423634
2423428
2423221
2423015
2422809
2422602
2422396
2422190
2421983
2421777
2421570
2421364
2421157
2420951
2420744
2420538
2420331
2420124
2419918
2419711
2419505
2419298
2419091
2418885
2418678
2418471
2418264
2418058
2417851
2417644
2417437
2417230
2417023
2416817
2416610
2416403
2416196
2415989
2415782
2415575
2415368
2415161
2414954
2414747
2414540
2414333
2414126
2413918
2413711
2413504
2413297
2413090
2412883
2412675
2412468
2412261
2412054
2411846
2411639
2411432
2411224
2411017
2410809
2410602
2410395
2410187
2409980
2409772
2409565
2409357
2409150
2408942
2408735
2408527
2408319
2408112
2407904
2407696
2407489
2407281
2407073
2406866
2406658
2406450
2406242
2406035
2405827
2405619
2405411
2405203
2404995
2404787
2404579
2404372
2404164
2403956
2403748
2403540
2403332
2403123
2402915
2402707
2402499
2402291
2402083
2401875
2401667
2401458
2401250
2401042
2400834
2400625
2400417
2400209
2400000
2399792
2399584
2399375
2399167
2398959
2398750
2398542
2398333
2398125
2397916
2397708
2397499
2397291
2397082
2396873
2396665
2396456
2396248
2396039
2395830
2395622
2395413
2395204
2394995
2394787
2394578
2394369
2394160
2393951
2393742
2393533
2393325
2393116
2392907
2392698
2392489
2392280
2392071
2391862
2391653
2391444
2391234
2391025
2390816
2390607
2390398
2390189
2389980
2389770
2389561
2389352
2389143
2388933
2388724
2388515
2388305
2388096
2387887
2387677
2387468
2387258
2387049
2386839
2386630
2386420
2386211
2386001
2385792
2385582
2385373
2385163
2384953
2384744
2384534
2384324
2384115
2383905
2383695
2383485
2383276
2383066
2382856
2382646
2382436
2382226
2382016
2381807
2381597
2381387
2381177
2380967
2380757
2380547
2380337
2380127
2379916
2379706
2379496
2379286
2379076
2378866
2378656
2378445
2378235
2378025
2377815
2377604
2377394
2377184
2376973
2376763
2376553
2376342
2376132
2375921
2375711
2375500
2375290
2375079
2374869
2374658
2374448
2374237
2374027
2373816
2373605
2373395
2373184
2372973
2372763
2372552
2372341
2372130
2371920
2371709
2371498
2371287
2371076
2370865
2370654
2370443
2370233
2370022
2369811
2369600
2369389
2369178
2368967
2368755
2368544
2368333
2368122
2367911
2367700
2367489
2367277
2367066
2366855
2366644
2366432
2366221
2366010
2365798
2365587
2365376
2365164
2364953
2364742
2364530
2364319
2364107
2363896
2363684
2363473
2363261
2363049
2362838
2362626
2362415
2362203
2361991
2361779
2361568
2361356
2361144
2360933
2360721
2360509
2360297
2360085
2359873
2359661
2359450
2359238
2359026
2358814
2358602
2358390
2358178
2357966
2357754
2357542
2357329
2357117
2356905
2356693
2356481
2356269
2356057
2355844
2355632
2355420
2355207
2354995
2354783
2354571
2354358
2354146
2353933
2353721
2353509
2353296
2353084
2352871
2352659
2352446
2352233
2352021
2351808
2351596
2351383
2351170
2350958
2350745
2350532
2350320
2350107
2349894
2349681
2349469
2349256
2349043
2348830
2348617
2348404
2348191
2347978
2347765
2347552
2347339
2347126
2346913
2346700
2346487
2346274
2346061
2345848
2345635
2345422
2345208
2344995
2344782
2344569
2344355
2344142
2343929
2343715
2343502
2343289
2343075
2342862
2342649
2342435
2342222
2342008
2341795
2341581
2341368
2341154
2340940
2340727
2340513
2340300
2340086
2339872
2339659
2339445
2339231
2339017
2338804
2338590
2338376
2338162
2337948
2337734
2337521
2337307
2337093
2336879
2336665
2336451
2336237
2336023
2335809
2335595
2335381
2335166
2334952
2334738
2334524
2334310
2334096
2333881
2333667
2333453
2333239
2333024
2332810
2332596
2332381
2332167
2331952
2331738
2331524
2331309
2331095
2330880
2330666
2330451
2330237
2330022
2329807
2329593
2329378
2329163
2328949
2328734
2328519
2328305
2328090
2327875
2327660
2327445
2327231
2327016
2326801
2326586
2326371
2326156
2325941
2325726
2325511
2325296
2325081
2324866
2324651
2324436
2324221
2324006
2323791
2323575
2323360
2323145
2322930
2322714
2322499
2322284
2322069
2321853
2321638
2321422
2321207
2320992
2320776
2320561
2320345
2320130
2319914
2319699
2319483
2319268
2319052
2318836
2318621
2318405
2318189
2317974
2317758
2317542
2317327
2317111
2316895
2316679
2316463
2316247
2316032
2315816
2315600
2315384
2315168
2314952
2314736
2314520
2314304
2314088
2313872
2313656
2313439
2313223
2313007
2312791
2312575
2312359
2312142
2311926
2311710
2311494
2311277
2311061
2310845
2310628
2310412
2310195
2309979
2309762
2309546
2309329
2309113
2308896
2308680
2308463
2308247
2308030
2307813
2307597
2307380
2307163
2306947
2306730
2306513
2306296
2306079
2305863
2305646
2305429
2305212
2304995
2304778
2304561
2304344
2304127
2303910
2303693
2303476
2303259
2303042
2302825
2302608
2302391
2302173
2301956
2301739
2301522
2301304
2301087
2300870
2300653
2300435
2300218
2300000
2299783
2299566
2299348
2299131
2298913
2298696
2298478
2298261
2298043
2297826
2297608
2297390
2297173
2296955
2296737
2296520
2296302
2296084
2295866
2295649
2295431
2295213
2294995
2294777
2294559
2294341
2294123
2293905
2293687
2293469
2293251
2293033
2292815
2292597
2292379
2292161
2291943
2291725
2291507
2291288
2291070
2290852
2290634
2290415
2290197
2289979
2289760
2289542
2289324
2289105
2288887
2288668
2288450
2288231
2288013
2287794
2287576
2287357
2287138
2286920
2286701
2286483
2286264
2286045
2285826
2285608
2285389
2285170
2284951
2284732
2284514
2284295
2284076
2283857
2283638
2283419
2283200
2282981
2282762
2282543
2282324
2282105
2281886
2281667
2281447
2281228
2281009
2280790
2280571
2280351
2280132
2279913
2279693
2279474
2279255
2279035
2278816
2278597
2278377
2278158
2277938
2277719
2277499
2277280
2277060
2276840
2276621
2276401
2276182
2275962
2275742
2275522
2275303
2275083
2274863
2274643
2274424
2274204
2273984
2273764
2273544
2273324
2273104
2272884
2272664
2272444
2272224
2272004
2271784
2271564
2271344
2271124
2270903
2270683
2270463
2270243
2270023
2269802
2269582
2269362
2269141
2268921
2268701
2268480
2268260
2268039
2267819
2267598
2267378
2267157
2266937
2266716
2266496
2266275
2266054
2265834
2265613
2265392
2265172
2264951
2264730
2264509
2264288
2264068
2263847
2263626
2263405
2263184
2262963
2262742
2262521
2262300
2262079
2261858
2261637
2261416
2261195
2260974
2260753
2260531
2260310
2260089
2259868
2259646
2259425
2259204
2258983
2258761
2258540
2258318
2258097
2257876
2257654
2257433
2257211
2256990
2256768
2256547
2256325
2256103
2255882
2255660
2255438
2255217
2254995
2254773
2254551
2254330
2254108
2253886
2253664
2253442
2253220
2252999
2252777
2252555
2252333
2252111
2251889
2251667
2251444
2251222
2251000
2250778
2250556
2250334
2250112
2249889
2249667
2249445
2249223
2249000
2248778
2248556
2248333
2248111
2247888
2247666
2247443
2247221
2246998
2246776
2246553
2246331
2246108
2245886
2245663
2245440
2245218
2244995
2244772
2244549
2244327
2244104
2243881
2243658
2243435
2243212
2242990
2242767
2242544
2242321
2242098
2241875
2241652
2241429
2241206
2240982
2240759
2240536
2240313
2240090
2239867
2239643
2239420
2239197
2238973
2238750
2238527
2238303
2238080
2237857
2237633
2237410
2237186
2236963
2236739
2236516
2236292
2236068
2235845
2235621
2235398
2235174
2234950
2234726
2234503
2234279
2234055
2233831
2233607
2233384
2233160
2232936
2232712
2232488
2232264
2232040
2231816
2231592
2231368
2231144
2230920
2230695
2230471
2230247
2230023
2229799
2229574
2229350
2229126
2228902
2228677
2228453
2228228
2228004
2227780
2227555
2227331
2227106
2226882
2226657
2226433
2226208
2225983
2225759
2225534
2225309
2225085
2224860
2224635
2224411
2224186
2223961
2223736
2223511
2223286
2223061
2222837
2222612
2222387
2222162
2221937
2221712
2221486
2221261
2221036
2220811
2220586
2220361
2220136
2219910
2219685
2219460
2219235
2219009
2218784
2218559
2218333
2218108
2217882
2217657
2217431
2217206
2216980
2216755
2216529
2216304
2216078
2215852
2215627
2215401
2215175
2214950
2214724
2214498
2214272
2214047
2213821
2213595
2213369
2213143
2212917
2212691
2212465
2212239
2212013
2211787
2211561
2211335
2211109
2210883
2210657
2210430
2210204
2209978
2209752
2209525
2209299
2209073
2208846
2208620
2208394
2208167
2207941
2207714
2207488
2207261
2207035
2206808
2206582
2206355
2206128
2205902
2205675
2205448
2205222
2204995
2204768
2204541
2204314
2204088
2203861
2203634
2203407
2203180
2202953
2202726
2202499
2202272
2202045
2201818
2201591
2201364
2201137
2200909
2200682
2200455
2200228
2200000
2199773
2199546
2199319
2199091
2198864
2198636
2198409
2198182
2197954
2197727
2197499
2197272
2197044
2196816
2196589
2196361
2196133
2195906
2195678
2195450
2195223
2194995
2194767
2194539
2194311
2194083
2193856
2193628
2193400
2193172
2192944
2192716
2192488
2192260
2192032
2191803
2191575
2191347
2191119
2190891
2190663
2190434
2190206
2189978
2189749
2189521
2189293
2189064
2188836
2188607
2188379
2188150
2187922
2187693
2187465
2187236
2187008
2186779
2186550
2186322
2186093
2185864
2185635
2185407
2185178
2184949
2184720
2184491
2184262
2184033
2183805
2183576
2183347
2183118
2182888
2182659
2182430
2182201
2181972
2181743
2181514
2181285
2181055
2180826
2180597
2180367
2180138
2179909
2179679
2179450
2179221
2178991
2178762
2178532
2178303
2178073
2177843
2177614
2177384
2177155
2176925
2176695
2176466
2176236
2176006
2175776
2175546
2175317
2175087
2174857
2174627
2174397
2174167
2173937
2173707
2173477
2173247
2173017
2172787
2172557
2172326
2172096
2171866
2171636
2171406
2171175
2170945
2170715
2170484
2170254
2170024
2169793
2169563
2169332
2169102
2168871
2168641
2168410
2168179
2167949
2167718
2167488
2167257
2167026
2166795
2166565
2166334
2166103
2165872
2165641
2165410
2165179
2164949
2164718
2164487
2164256
2164025
2163793
2163562
2163331
2163100
2162869
2162638
2162407
2162175
2161944
2161713
2161481
2161250
2161019
2160787
2160556
2160325
2160093
2159862
2159630
2159399
2159167
2158935
2158704
2158472
2158241
2158009
2157777
2157545
2157314
2157082
2156850
2156618
2156386
2156154
2155923
2155691
2155459
2155227
2154995
2154763
2154531
2154299
2154066
2153834
2153602
2153370
2153138
2152906
2152673
2152441
2152209
2151976
2151744
2151512
2151279
2151047
2150814
2150582
2150349
2150117
2149884
2149652
2149419
2149186
2148954
2148721
2148488
2148256
2148023
2147790
2147557
2147324
2147092
2146859
2146626
2146393
2146160
2145927
2145694
2145461
2145228
2144995
2144762
2144528
2144295
2144062
2143829
2143596
2143362
2143129
2142896
2142662
2142429
2142196
2141962
2141729
2141495
2141262
2141028
2140795
2140561
2140328
2140094
2139860
2139627
2139393
2139159
2138925
2138692
2138458
2138224
2137990
2137756
2137522
2137289
2137055
2136821
2136587
2136353
2136118
2135884
2135650
2135416
2135182
2134948
2134714
2134479
2134245
2134011
2133776
2133542
2133308
2133073
2132839
2132605
2132370
2132136
2131901
2131667
2131432
2131197
2130963
2130728
2130493
2130259
2130024
2129789
2129554
2129320
2129085
2128850
2128615
2128380
2128145
2127910
2127675
2127440
2127205
2126970
2126735
2126500
2126265
2126030
2125794
2125559
2125324
2125089
2124853
2124618
2124383
2124147
2123912
2123677
2123441
2123206
2122970
2122735
2122499
2122263
2122028
2121792
2121557
2121321
2121085
2120849
2120614
2120378
2120142
2119906
2119670
2119434
2119198
2118963
2118727
2118491
2118254
2118018
2117782
2117546
2117310
2117074
2116838
2116602
2116365
2116129
2115893
2115656
2115420
2115184
2114947
2114711
2114474
2114238
2114001
2113765
2113528
2113292
2113055
2112819
2112582
2112345
2112108
2111872
2111635
2111398
2111161
2110924
2110688
2110451
2110214
2109977
2109740
2109503
2109266
2109029
2108792
2108555
2108317
2108080
2107843
2107606
2107369
2107131
2106894
2106657
2106419
2106182
2105944
2105707
2105470
2105232
2104995
2104757
2104519
2104282
2104044
2103807
2103569
2103331
2103093
2102856
2102618
2102380
2102142
2101904
2101667
2101429
2101191
2100953
2100715
2100477
2100239
2100000
2099762
2099524
2099286
2099048
2098810
2098571
2098333
2098095
2097857
2097618
2097380
2097141
2096903
2096665
2096426
2096188
2095949
2095710
2095472
2095233
2094995
2094756
2094517
2094278
2094040
2093801
2093562
2093323
2093084
2092845
2092607
2092368
2092129
2091890
2091651
2091412
2091172
2090933
2090694
2090455
2090216
2089977
2089737
2089498
2089259
2089019
2088780
2088541
2088301
2088062
2087822
2087583
2087343
2087104
2086864
2086625
2086385
2086145
2085906
2085666
2085426
2085186
2084947
2084707
2084467
2084227
2083987
2083747
2083507
2083267
2083027
2082787
2082547
2082307
2082067
2081827
2081586
2081346
2081106
2080866
2080625
2080385
2080145
2079904
2079664
2079423
2079183
2078943
2078702
2078461
2078221
2077980
2077740
2077499
2077258
2077018
2076777
2076536
2076295
2076054
2075814
2075573
2075332
2075091
2074850
2074609
2074368
2074127
2073886
2073645
2073403
2073162
2072921
2072680
2072439
2072197
2071956
2071715
2071473
2071232
2070991
2070749
2070508
2070266
2070025
2069783
2069542
2069300
2069058
2068817
2068575
2068333
2068091
2067850
2067608
2067366
2067124
2066882
2066640
2066398
2066156
2065914
2065672
2065430
2065188
2064946
2064704
2064462
2064219
2063977
2063735
2063493
2063250
2063008
2062766
2062523
2062281
2062038
2061796
2061553
2061311
2061068
2060826
2060583
2060340
2060098
2059855
2059612
2059369
2059127
2058884
2058641
2058398
2058155
2057912
2057669
2057426
2057183
2056940
2056697
2056454
2056211
2055967
2055724
2055481
2055238
2054994
2054751
2054508
2054264
2054021
2053778
2053534
2053291
2053047
2052803
2052560
2052316
2052073
2051829
2051585
2051342
2051098
2050854
2050610
2050366
2050122
2049879
2049635
2049391
2049147
2048903
2048659
2048415
2048170
2047926
2047682
2047438
2047194
2046949
2046705
2046461
2046217
2045972
2045728
2045483
2045239
2044994
2044750
2044505
2044261
2044016
2043772
2043527
2043282
2043037
2042793
2042548
2042303
2042058
2041813
2041569
2041324
2041079
2040834
2040589
2040344
2040099
2039853
2039608
2039363
2039118
2038873
2038627
2038382
2038137
2037892
2037646
2037401
2037155
2036910
2036664
2036419
2036173
2035928
2035682
2035437
2035191
2034945
2034699
2034454
2034208
2033962
2033716
2033470
2033225
2032979
2032733
2032487
2032241
2031995
2031749
2031502
2031256
2031010
2030764
2030518
2030271
2030025
2029779
2029532
2029286
2029040
2028793
2028547
2028300
2028054
2027807
2027561
2027314
2027067
2026821
2026574
2026327
2026080
2025834
2025587
2025340
2025093
2024846
2024599
2024352
2024105
2023858
2023611
2023364
2023117
2022870
2022623
2022375
2022128
2021881
2021634
2021386
2021139
2020891
2020644
2020397
2020149
2019901
2019654
2019406
2019159
2018911
2018663
2018416
2018168
2017920
2017672
2017425
2017177
2016929
2016681
2016433
2016185
2015937
2015689
2015441
2015193
2014945
2014697
2014448
2014200
2013952
2013704
2013455
2013207
2012959
2012710
2012462
2012213
2011965
2011716
2011468
2011219
2010970
2010722
2010473
2010224
2009976
2009727
2009478
2009229
2008980
2008731
2008483
2008234
2007985
2007736
2007486
2007237
2006988
2006739
2006490
2006241
2005992
2005742
2005493
2005244
2004994
2004745
2004495
2004246
2003997
2003747
2003497
2003248
2002998
2002749
2002499
2002249
2002000
2001750
2001500
2001250
2001000
2000750
2000500
2000250
2000000
1999750
1999500
1999250
1999000
1998750
1998500
1998250
1997999
1997749
1997499
1997249
1996998
1996748
1996497
1996247
1995996
1995746
1995495
1995245
1994994
1994744
1994493
1994242
1993991
1993741
1993490
1993239
1992988
1992737
1992486
1992235
1991984
1991733
1991482
1991231
1990980
1990729
1990478
1990227
1989975
1989724
1989473
1989221
1988970
1988719
1988467
1988216
1987964
1987713
1987461
1987210
1986958
1986706
1986455
1986203
1985951
1985699
1985448
1985196
1984944
1984692
1984440
1984188
1983936
1983684
1983432
1983180
1982928
1982675
1982423
1982171
1981919
1981666
1981414
1981162
1980909
1980657
1980404
1980152
1979899
1979647
1979394
1979142
1978889
1978636
1978384
1978131
1977878
1977625
1977372
1977120
1976867
1976614
1976361
1976108
1975855
1975602
1975349
1975095
1974842
1974589
1974336
1974083
1973829
1973576
1973323
1973069
1972816
1972562
1972309
1972055
1971802
1971548
1971294
1971041
1970787
1970533
1970280
1970026
1969772
1969518
1969264
1969010
1968756
1968502
1968248
1967994
1967740
1967486
1967232
1966978
1966724
1966469
1966215
1965961
1965706
1965452
1965198
1964943
1964689
1964434
1964180
1963925
1963671
1963416
1963161
1962907
1962652
1962397
1962142
1961887
1961632
1961378
1961123
1960868
1960613
1960358
1960103
1959847
1959592
1959337
1959082
1958827
1958571
1958316
1958061
1957805
1957550
1957295
1957039
1956784
1956528
1956272
1956017
1955761
1955506
1955250
1954994
1954738
1954483
1954227
1953971
1953715
1953459
1953203
1952947
1952691
1952435
1952179
1951923
1951666
1951410
1951154
1950898
1950641
1950385
1950129
1949872
1949616
1949359
1949103
1948846
1948590
1948333
1948076
1947820
1947563
1947306
1947050
1946793
1946536
1946279
1946022
1945765
1945508
1945251
1944994
1944737
1944480
1944223
1943966
1943708
1943451
1943194
1942936
1942679
1942422
1942164
1941907
1941649
1941392
1941134
1940877
1940619
1940361
1940104
1939846
1939588
1939330
1939072
1938815
1938557
1938299
1938041
1937783
1937525
1937267
1937009
1936750
1936492
1936234
1935976
1935717
1935459
1935201
1934942
1934684
1934425
1934167
1933908
1933650
1933391
1933133
1932874
1932615
1932357
1932098
1931839
1931580
1931321
1931062
1930803
1930544
1930285
1930026
1929767
1929508
1929249
1928990
1928731
1928471
1928212
1927953
1927693
1927434
1927175
1926915
1926656
1926396
1926137
1925877
1925617
1925358
1925098
1924838
1924578
1924319
1924059
1923799
1923539
1923279
1923019
1922759
1922499
1922239
1921979
1921718
1921458
1921198
1920938
1920677
1920417
1920157
1919896
1919636
1919375
1919115
1918854
1918594
1918333
1918072
1917812
1917551
1917290
1917029
1916769
1916508
1916247
1915986
1915725
1915464
1915203
1914942
1914681
1914419
1914158
1913897
1913636
1913374
1913113
1912852
1912590
1912329
1912067
1911806
1911544
1911283
1911021
1910760
1910498
1910236
1909974
1909713
1909451
1909189
1908927
1908665
1908403
1908141
1907879
1907617
1907355
1907093
1906830
1906568
1906306
1906044
1905781
1905519
1905256
1904994
1904731
1904469
1904206
1903944
1903681
1903418
1903156
1902893
1902630
1902367
1902105
1901842
1901579
1901316
1901053
1900790
1900527
1900264
1900000
1899737
1899474
1899211
1898948
1898684
1898421
1898158
1897894
1897631
1897367
1897104
1896840
1896576
1896313
1896049
1895785
1895522
1895258
1894994
1894730
1894466
1894202
1893938
1893674
1893410
1893146
1892882
1892618
1892354
1892089
1891825
1891561
1891296
1891032
1890768
1890503
1890239
1889974
1889709
1889445
1889180
1888916
1888651
1888386
1888121
1887856
1887592
1887327
1887062
1886797
1886532
1886267
1886002
1885736
1885471
1885206
1884941
1884676
1884410
1884145
1883879
1883614
1883349
1883083
1882818
1882552
1882286
1882021
1881755
1881489
1881224
1880958
1880692
1880426
1880160
1879894
1879628
1879362
1879096
1878830
1878564
1878298
1878031
1877765
1877499
1877233
1876966
1876700
1876433
1876167
1875900
1875634
1875367
1875100
1874834
1874567
1874300
1874034
1873767
1873500
1873233
1872966
1872699
1872432
1872165
1871898
1871631
1871364
1871096
1870829
1870562
1870295
1870027
1869760
1869492
1869225
1868957
1868690
1868422
1868155
1867887
1867619
1867352
1867084
1866816
1866548
1866280
1866012
1865744
1865476
1865208
1864940
1864672
1864404
1864136
1863867
1863599
1863331
1863062
1862794
1862526
1862257
1861989
1861720
1861452
1861183
1860914
1860646
1860377
1860108
1859839
1859570
1859301
1859033
1858764
1858495
1858225
1857956
1857687
1857418
1857149
1856880
1856610
1856341
1856072
1855802
1855533
1855263
1854994
1854724
1854455
1854185
1853915
1853646
1853376
1853106
1852836
1852566
1852296
1852026
1851756
1851486
1851216
1850946
1850676
1850406
1850136
1849865
1849595
1849325
1849054
1848784
1848513
1848243
1847972
1847702
1847431
1847160
1846890
1846619
1846348
1846077
1845807
1845536
1845265
1844994
1844723
1844452
1844181
1843909
1843638
1843367
1843096
1842824
1842553
1842282
1842010
1841739
1841467
1841196
1840924
1840653
1840381
1840109
1839837
1839566
1839294
1839022
1838750
1838478
1838206
1837934
1837662
1837390
1837118
1836846
1836573
1836301
1836029
1835756
1835484
1835212
1834939
1834667
1834394
1834122
1833849
1833576
1833304
1833031
1832758
1832485
1832212
1831939
1831666
1831393
1831120
1830847
1830574
1830301
1830028
1829755
1829481
1829208
1828935
1828661
1828388
1828114
1827841
1827567
1827294
1827020
1826746
1826473
1826199
1825925
1825651
1825377
1825103
1824829
1824555
1824281
1824007
1823733
1823459
1823185
1822910
1822636
1822362
1822087
1821813
1821538
1821264
1820989
1820715
1820440
1820165
1819891
1819616
1819341
1819066
1818791
1818516
1818241
1817966
1817691
1817416
1817141
1816866
1816591
1816315
1816040
1815765
1815489
1815214
1814939
1814663
1814387
1814112
1813836
1813561
1813285
1813009
1812733
1812457
1812182
1811906
1811630
1811354
1811078
1810801
1810525
1810249
1809973
1809697
1809420
1809144
1808868
1808591
1808315
1808038
1807762
1807485
1807208
1806932
1806655
1806378
1806101
1805824
1805548
1805271
1804994
1804717
1804439
1804162
1803885
1803608
1803331
1803053
1802776
1802499
1802221
1801944
1801666
1801389
1801111
1800834
1800556
1800278
1800000
1799723
1799445
1799167
1798889
1798611
1798333
1798055
1797777
1797499
1797221
1796942
1796664
1796386
1796107
1795829
1795551
1795272
1794994
1794715
1794436
1794158
1793879
1793600
1793321
1793043
1792764
1792485
1792206
1791927
1791648
1791369
1791090
1790810
1790531
1790252
1789973
1789693
1789414
1789134
1788855
1788575
1788296
1788016
1787736
1787457
1787177
1786897
1786617
1786338
1786058
1785778
1785498
1785218
1784937
1784657
1784377
1784097
1783817
1783536
1783256
1782976
1782695
1782415
1782134
1781853
1781573
1781292
1781011
1780731
1780450
1780169
1779888
1779607
1779326
1779045
1778764
1778483
1778202
1777921
1777639
1777358
1777077
1776795
1776514
1776232
1775951
1775669
1775388
1775106
1774824
1774543
1774261
1773979
1773697
1773415
1773133
1772851
1772569
1772287
1772005
1771723
1771441
1771158
1770876
1770594
1770311
1770029
1769746
1769464
1769181
1768898
1768616
1768333
1768050
1767767
1767485
1767202
1766919
1766636
1766353
1766070
1765786
1765503
1765220
1764937
1764653
1764370
1764087
1763803
1763520
1763236
1762953
1762669
1762385
1762102
1761818
1761534
1761250
1760966
1760682
1760398
1760114
1759830
1759546
1759262
1758977
1758693
1758409
1758125
1757840
1757556
1757271
1756987
1756702
1756417
1756133
1755848
1755563
1755278
1754993
1754708
1754423
1754138
1753853
1753568
1753283
1752998
1752713
1752427
1752142
1751857
1751571
1751286
1751000
1750715
1750429
1750143
1749858
1749572
1749286
1749000
1748714
1748428
1748142
1747856
1747570
1747284
1746998
1746712
1746425
1746139
1745853
1745566
1745280
1744993
1744707
1744420
1744134
1743847
1743560
1743273
1742986
1742700
1742413
1742126
1741839
1741552
1741264
1740977
1740690
1740403
1740115
1739828
1739541
1739253
1738966
1738678
1738391
1738103
1737815
1737527
1737240
1736952
1736664
1736376
1736088
1735800
1735512
1735224
1734936
1734647
1734359
1734071
1733782
1733494
1733206
1732917
1732629
1732340
1732051
1731763
1731474
1731185
1730896
1730607
1730318
1730029
1729740
1729451
1729162
1728873
1728584
1728294
1728005
1727716
1727426
1727137
1726847
1726558
1726268
1725978
1725689
1725399
1725109
1724819
1724529
1724239
1723949
1723659
1723369
1723079
1722789
1722499
1722208
1721918
1721628
1721337
1721047
1720756
1720466
1720175
1719884
1719593
1719303
1719012
1718721
1718430
1718139
1717848
1717557
1717266
1716975
1716683
1716392
1716101
1715809
1715518
1715226
1714935
1714643
1714352
1714060
1713768
1713476
1713185
1712893
1712601
1712309
1712017
1711725
1711433
1711140
1710848
1710556
1710264
1709971
1709679
1709386
1709094
1708801
1708509
1708216
1707923
1707630
1707338
1707045
1706752
1706459
1706166
1705873
1705580
1705286
1704993
1704700
1704407
1704113
1703820
1703526
1703233
1702939
1702646
1702352
1702058
1701764
1701470
1701177
1700883
1700589
1700295
1700000
1699706
1699412
1699118
1698824
1698529
1698235
1697940
1697646
1697351
1697057
1696762
1696467
1696173
1695878
1695583
1695288
1694993
1694698
1694403
1694108
1693813
1693518
1693222
1692927
1692632
1692336
1692041
1691745
1691450
1691154
1690858
1690563
1690267
1689971
1689675
1689379
1689083
1688787
1688491
1688195
1687899
1687602
1687306
1687010
1686713
1686417
1686120
1685824
1685527
1685230
1684934
1684637
1684340
1684043
1683746
1683449
1683152
1682855
1682558
1682261
1681964
1681666
1681369
1681072
1680774
1680477
1680179
1679881
1679584
1679286
1678988
1678690
1678393
1678095
1677797
1677499
1677201
1676902
1676604
1676306
1676008
1675709
1675411
1675112
1674814
1674515
1674217
1673918
1673619
1673321
1673022
1672723
1672424
1672125
1671826
1671527
1671228
1670928
1670629
1670330
1670030
1669731
1669432
1669132
1668832
1668533
1668233
1667933
1667634
1667334
1667034
1666734
1666434
1666134
1665834
1665533
1665233
1664933
1664633
1664332
1664032
1663731
1663431
1663130
1662829
1662529
1662228
1661927
1661626
1661325
1661024
1660723
1660422
1660121
1659820
1659519
1659217
1658916
1658614
1658313
1658011
1657710
1657408
1657106
1656805
1656503
1656201
1655899
1655597
1655295
1654993
1654691
1654389
1654086
1653784
1653482
1653179
1652877
1652574
1652272
1651969
1651666
1651364
1651061
1650758
1650455
1650152
1649849
1649546
1649243
1648940
1648636
1648333
1648030
1647726
1647423
1647119
1646816
1646512
1646208
1645905
1645601
1645297
1644993
1644689
1644385
1644081
1643777
1643472
1643168
1642864
1642559
1642255
1641951
1641646
1641341
1641037
1640732
1640427
1640122
1639818
1639513
1639208
1638903
1638597
1638292
1637987
1637682
1637376
1637071
1636766
1636460
1636155
1635849
1635543
1635237
1634932
1634626
1634320
1634014
1633708
1633402
1633096
1632790
1632483
1632177
1631871
1631564
1631258
1630951
1630645
1630338
1630031
1629724
1629418
1629111
1628804
1628497
1628190
1627883
1627575
1627268
1626961
1626654
1626346
1626039
1625731
1625424
1625116
1624808
1624500
1624193
1623885
1623577
1623269
1622961
1622653
1622344
1622036
1621728
1621420
1621111
1620803
1620494
1620186
1619877
1619568
1619260
1618951
1618642
1618333
1618024
1617715
1617406
1617097
1616787
1616478
1616169
1615859
1615550
1615240
1614931
1614621
1614311
1614002
1613692
1613382
1613072
1612762
1612452
1612142
1611832
1611522
1611211
1610901
1610590
1610280
1609969
1609659
1609348
1609037
1608727
1608416
1608105
1607794
1607483
1607172
1606861
1606550
1606238
1605927
1605616
1605304
1604993
1604681
1604370
1604058
1603746
1603434
1603122
1602811
1602499
1602187
1601874
1601562
1601250
1600938
1600625
1600313
1600000
1599688
1599375
1599063
1598750
1598437
1598124
1597812
1597499
1597186
1596872
1596559
1596246
1595933
1595620
1595306
1594993
1594679
1594366
1594052
1593738
1593424
1593111
1592797
1592483
1592169
1591855
1591541
1591226
1590912
1590598
1590283
1589969
1589655
1589340
1589025
1588711
1588396
1588081
1587766
1587451
1587136
1586821
1586506
1586191
1585876
1585560
1585245
1584930
1584614
1584298
1583983
1583667
1583351
1583036
1582720
1582404
1582088
1581772
1581456
1581139
1580823
1580507
1580190
1579874
1579557
1579241
1578924
1578607
1578291
1577974
1577657
1577340
1577023
1576706
1576389
1576072
1575754
1575437
1575120
1574802
1574485
1574167
1573849
1573532
1573214
1572896
1572578
1572260
1571942
1571624
1571306
1570987
1570669
1570351
1570032
1569714
1569395
1569077
1568758
1568439
1568120
1567802
1567483
1567164
1566844
1566525
1566206
1565887
1565567
1565248
1564929
1564609
1564289
1563970
1563650
1563330
1563010
1562690
1562370
1562050
1561730
1561410
1561090
1560770
1560449
1560129
1559808
1559488
1559167
1558846
1558525
1558205
1557884
1557563
1557242
1556921
1556599
1556278
1555957
1555635
1555314
1554992
1554671
1554349
1554028
1553706
1553384
1553062
1552740
1552418
1552096
1551774
1551451
1551129
1550807
1550484
1550162
1549839
1549517
1549194
1548871
1548548
1548225
1547902
1547579
1547256
1546933
1546610
1546286
1545963
1545640
1545316
1544992
1544669
1544345
1544021
1543697
1543373
1543049
1542725
1542401
1542077
1541753
1541428
1541104
1540780
1540455
1540130
1539806
1539481
1539156
1538831
1538506
1538181
1537856
1537531
1537206
1536880
1536555
1536230
1535904
1535579
1535253
1534927
1534601
1534276
1533950
1533624
1533298
1532971
1532645
1532319
1531993
1531666
1531340
1531013
1530687
1530360
1530033
1529706
1529379
1529052
1528725
1528398
1528071
1527744
1527417
1527089
1526762
1526434
1526107
1525779
1525451
1525123
1524796
1524468
1524140
1523812
1523483
1523155
1522827
1522498
1522170
1521841
1521513
1521184
1520856
1520527
1520198
1519869
1519540
1519211
1518882
1518552
1518223
1517894
1517564
1517235
1516905
1516576
1516246
1515916
1515586
1515256
1514926
1514596
1514266
1513936
1513605
1513275
1512945
1512614
1512284
1511953
1511622
1511291
1510960
1510630
1510298
1509967
1509636
1509305
1508974
1508642
1508311
1507979
1507648
1507316
1506984
1506652
1506321
1505989
1505657
1505324
1504992
1504660
1504328
1503995
1503663
1503330
1502998
1502665
1502332
1501999
1501666
1501333
1501000
1500667
1500334
1500000
1499667
1499334
1499000
1498667
1498333
1497999
1497665
1497331
1496997
1496663
1496329
1495995
1495661
1495327
1494992
1494658
1494323
1493988
1493654
1493319
1492984
1492649
1492314
1491979
1491644
1491309
1490973
1490638
1490302
1489967
1489631
1489296
1488960
1488624
1488288
1487952
1487616
1487280
1486944
1486607
1486271
1485935
1485598
1485261
1484925
1484588
1484251
1483914
1483577
1483240
1482903
1482566
1482229
1481891
1481554
1481216
1480879
1480541
1480203
1479865
1479527
1479189
1478851
1478513
1478175
1477837
1477498
1477160
1476821
1476483
1476144
1475805
1475467
1475128
1474789
1474450
1474110
1473771
1473432
1473092
1472753
1472413
1472074
1471734
1471394
1471055
1470715
1470375
1470035
1469694
1469354
1469014
1468673
1468333
1467992
1467652
1467311
1466970
1466629
1466288
1465947
1465606
1465265
1464924
1464582
1464241
1463899
1463558
1463216
1462874
1462533
1462191
1461849
1461507
1461164
1460822
1460480
1460137
1459795
1459452
1459110
1458767
1458424
1458081
1457738
1457395
1457052
1456709
1456366
1456022
1455679
1455336
1454992
1454648
1454304
1453961
1453617
1453273
1452929
1452584
1452240
1451896
1451551
1451207
1450862
1450518
1450173
1449828
1449483
1449138
1448793
1448448
1448103
1447757
1447412
1447066
1446721
1446375
1446030
1445684
1445338
1444992
1444646
1444300
1443953
1443607
1443261
1442914
1442568
1442221
1441874
1441527
1441181
1440834
1440487
1440139
1439792
1439445
1439097
1438750
1438402
1438055
1437707
1437359
1437011
1436663
1436315
1435967
1435619
1435271
1434922
1434574
1434225
1433876
1433528
1433179
1432830
1432481
1432132
1431783
1431433
1431084
1430735
1430385
1430035
1429686
1429336
1428986
1428636
1428286
1427936
1427586
1427236
1426885
1426535
1426184
1425834
1425483
1425132
1424781
1424430
1424079
1423728
1423377
1423025
1422674
1422323
1421971
1421619
1421268
1420916
1420564
1420212
1419860
1419507
1419155
1418803
1418450
1418098
1417745
1417392
1417040
1416687
1416334
1415981
1415628
1415274
1414921
1414568
1414214
1413860
1413507
1413153
1412799
1412445
1412091
1411737
1411383
1411028
1410674
1410320
1409965
1409610
1409256
1408901
1408546
1408191
1407836
1407481
1407125
1406770
1406414
1406059
1405703
1405347
1404992
1404636
1404280
1403924
1403567
1403211
1402855
1402498
1402142
1401785
1401428
1401072
1400715
1400358
1400000
1399643
1399286
1398929
1398571
1398214
1397856
1397498
1397140
1396783
1396425
1396066
1395708
1395350
1394992
1394633
1394275
1393916
1393557
1393198
1392839
1392480
1392121
1391762
1391403
1391043
1390684
1390324
1389965
1389605
1389245
1388885
1388525
1388165
1387805
1387444
1387084
1386723
1386363
1386002
1385641
1385280
1384919
1384558
1384197
1383836
1383474
1383113
1382751
1382390
1382028
1381666
1381304
1380942
1380580
1380218
1379856
1379493
1379131
1378768
1378405
1378043
1377680
1377317
1376954
1376590
1376227
1375864
1375500
1375137
1374773
1374409
1374046
1373682
1373318
1372954
1372589
1372225
1371861
1371496
1371131
1370767
1370402
1370037
1369672
1369307
1368942
1368576
1368211
1367846
1367480
1367114
1366748
1366383
1366017
1365651
1365284
1364918
1364552
1364185
1363819
1363452
1363085
1362718
1362351
1361984
1361617
1361250
1360883
1360515
1360148
1359780
1359412
1359044
1358676
1358308
1357940
1357572
1357204
1356835
1356466
1356098
1355729
1355360
1354991
1354622
1354253
1353884
1353514
1353145
1352775
1352406
1352036
1351666
1351296
1350926
1350556
1350186
1349815
1349445
1349074
1348704
1348333
1347962
1347591
1347220
1346849
1346477
1346106
1345735
1345363
1344991
1344619
1344248
1343875
1343503
1343131
1342759
1342386
1342014
1341641
1341269
1340896
1340523
1340150
1339777
1339403
1339030
1338657
1338283
1337909
1337536
1337162
1336788
1336414
1336039
1335665
1335291
1334916
1334542
1334167
1333792
1333417
1333042
1332667
1332292
1331916
1331541
1331165
1330790
1330414
1330038
1329662
1329286
1328910
1328534
1328157
1327781
1327404
1327027
1326650
1326273
1325896
1325519
1325142
1324765
1324387
1324010
1323632
1323254
1322876
1322498
1322120
1321742
1321363
1320985
1320606
1320228
1319849
1319470
1319091
1318712
1318333
1317953
1317574
1317194
1316815
1316435
1316055
1315675
1315295
1314915
1314535
1314154
1313774
1313393
1313012
1312631
1312250
1311869
1311488
1311107
1310725
1310344
1309962
1309581
1309199
1308817
1308435
1308052
1307670
1307288
1306905
1306523
1306140
1305757
1305374
1304991
1304608
1304224
1303841
1303457
1303074
1302690
1302306
1301922
1301538
1301154
1300770
1300385
1300000
1299616
1299231
1298846
1298461
1298076
1297691
1297305
1296920
1296534
1296149
1295763
1295377
1294991
1294605
1294218
1293832
1293446
1293059
1292672
1292285
1291898
1291511
1291124
1290737
1290349
1289962
1289574
1289186
1288798
1288410
1288022
1287634
1287246
1286857
1286469
1286080
1285691
1285302
1284913
1284524
1284134
1283745
1283355
1282966
1282576
1282186
1281796
1281406
1281016
1280625
1280235
1279844
1279454
1279063
1278672
1278281
1277889
1277498
1277107
1276715
1276323
1275932
1275540
1275148
1274755
1274363
1273971
1273578
1273185
1272793
1272400
1272007
1271614
1271220
1270827
1270433
1270040
1269646
1269252
1268858
1268464
1268070
1267676
1267281
1266886
1266492
1266097
1265702
1265307
1264912
1264516
1264121
1263725
1263329
1262934
1262538
1262142
1261745
1261349
1260953
1260556
1260159
1259762
1259365
1258968
1258571
1258174
1257776
1257379
1256981
1256583
1256185
1255787
1255389
1254991
1254592
1254193
1253795
1253396
1252997
1252598
1252199
1251799
1251400
1251000
1250600
1250200
1249800
1249400
1249000
1248600
1248199
1247799
1247398
1246997
1246596
1246195
1245793
1245392
1244990
1244589
1244187
1243785
1243383
1242981
1242578
1242176
1241773
1241371
1240968
1240565
1240162
1239759
1239355
1238952
1238548
1238144
1237740
1237336
1236932
1236528
1236123
1235719
1235314
1234909
1234504
1234099
1233694
1233289
1232883
1232478
1232072
1231666
1231260
1230854
1230448
1230041
1229635
1229228
1228821
1228414
1228007
1227600
1227192
1226785
1226377
1225970
1225562
1225154
1224745
1224337
1223929
1223520
1223111
1222702
1222293
1221884
1221475
1221066
1220656
1220246
1219837
1219427
1219016
1218606
1218196
1217785
1217375
1216964
1216553
1216142
1215731
1215319
1214908
1214496
1214085
1213673
1213261
1212848
1212436
1212024
1211611
1211198
1210785
1210372
1209959
1209546
1209132
1208719
1208305
1207891
1207477
1207063
1206649
1206234
1205820
1205405
1204990
1204575
1204160
1203745
1203329
1202914
1202498
1202082
1201666
1201250
1200834
1200417
1200000
1199584
1199167
1198750
1198333
1197915
1197498
1197080
1196663
1196245
1195827
1195408
1194990
1194572
1194153
1193734
1193315
1192896
1192477
1192058
1191638
1191218
1190799
1190379
1189958
1189538
1189118
1188697
1188277
1187856
1187435
1187014
1186592
1186171
1185749
1185327
1184906
1184484
1184061
1183639
1183216
1182794
1182371
1181948
1181525
1181102
1180678
1180255
1179831
1179407
1178983
1178559
1178135
1177710
1177286
1176861
1176436
1176011
1175585
1175160
1174735
1174309
1173883
1173457
1173031
1172604
1172178
1171751
1171325
1170898
1170470
1170043
1169616
1169188
1168761
1168333
1167905
1167476
1167048
1166620
1166191
1165762
1165333
1164904
1164475
1164045
1163616
1163186
1162756
1162326
1161896
1161465
1161035
1160604
1160173
1159742
1159311
1158879
1158448
1158016
1157584
1157152
1156720
1156288
1155855
1155423
1154990
1154557
1154124
1153690
1153257
1152823
1152389
1151955
1151521
1151087
1150652
1150218
1149783
1149348
1148913
1148478
1148042
1147607
1147171
1146735
1146299
1145863
1145426
1144990
1144553
1144116
1143679
1143242
1142804
1142366
1141929
1141491
1141053
1140614
1140176
1139737
1139299
1138860
1138420
1137981
1137542
1137102
1136662
1136222
1135782
1135342
1134901
1134461
1134020
1133579
1133138
1132696
1132255
1131813
1131371
1130929
1130487
1130045
1129602
1129159
1128717
1128274
1127830
1127387
1126943
1126500
1126056
1125611
1125167
1124723
1124278
1123833
1123388
1122943
1122498
1122052
1121606
1121161
1120715
1120268
1119822
1119375
1118929
1118482
1118034
1117587
1117140
1116692
1116244
1115796
1115348
1114900
1114451
1114002
1113553
1113104
1112655
1112206
1111756
1111306
1110856
1110406
1109955
1109505
1109054
1108603
1108152
1107701
1107249
1106798
1106346
1105894
1105442
1104989
1104537
1104084
1103631
1103178
1102724
1102271
1101817
1101363
1100909
1100455
1100000
1099546
1099091
1098636
1098181
1097725
1097270
1096814
1096358
1095902
1095446
1094989
1094532
1094075
1093618
1093161
1092704
1092246
1091788
1091330
1090872
1090413
1089955
1089496
1089037
1088578
1088118
1087659
1087199
1086739
1086279
1085818
1085358
1084897
1084436
1083975
1083513
1083052
1082590
1082128
1081666
1081204
1080741
1080278
1079815
1079352
1078889
1078425
1077962
1077498
1077033
1076569
1076105
1075640
1075175
1074710
1074244
1073779
1073313
1072847
1072381
1071915
1071448
1070981
1070514
1070047
1069580
1069112
1068645
1068177
1067708
1067240
1066771
1066303
1065834
1065364
1064895
1064425
1063955
1063485
1063015
1062545
1062074
1061603
1061132
1060661
1060189
1059717
1059246
1058773
1058301
1057828
1057356
1056883
1056410
1055936
1055462
1054989
1054515
1054040
1053566
1053091
1052616
1052141
1051666
1051190
1050715
1050239
1049762
1049286
1048809
1048333
1047855
1047378
1046901
1046423
1045945
1045467
1044989
1044510
1044031
1043552
1043073
1042593
1042114
1041634
1041154
1040673
1040193
1039712
1039231
1038750
1038268
1037787
1037305
1036823
1036340
1035858
1035375
1034892
1034409
1033925
1033441
1032957
1032473
1031989
1031504
1031019
1030534
1030049
1029564
1029078
1028592
1028106
1027619
1027132
1026646
1026158
1025671
1025183
1024696
1024208
1023719
1023231
1022742
1022253
1021764
1021274
1020785
1020295
1019804
1019314
1018823
1018332
1017841
1017350
1016858
1016367
1015875
1015382
1014890
1014397
1013904
1013411
1012917
1012423
1011929
1011435
1010941
1010446
1009951
1009456
1008960
1008465
1007969
1007473
1006976
1006480
1005983
1005485
1004988
1004490
1003993
1003494
1002996
1002497
1001999
1001499
1001000
1000500
1000000
999500
999000
998499
997998
997497
996996
996494
995992
995490
994988
994485
993982
993479
992976
992472
991968
991464
990960
990455
989950
989445
988939
988434
987928
987421
986915
986408
985901
985394
984886
984378
983870
983362
982853
982345
981836
981326
980816
980307
979796
979286
978775
978264
977753
977242
976730
976218
975705
975193
974680
974167
973653
973140
972626
972112
971597
971082
970567
970052
969536
969021
968505
967988
967471
966954
966437
965920
965402
964884
964366
963847
963328
962809
962289
961770
961250
960729
960209
959688
959167
958645
958124
957602
957079
956557
956034
955511
954987
954464
953940
953415
952891
952366
951841
951315
950790
950264
949737
949211
948684
948157
947629
947101
946573
946045
945516
944987
944458
943928
943399
942868
942338
941807
941276
940745
940213
939681
939149
938617
938084
937550
937017
936483
935949
935415
934880
934345
933810
933274
932738
932202
931666
931129
930592
930054
929517
928978
928440
927901
927362
926823
926283
925743
925203
924663
924122
923580
923039
922497
921955
921412
920870
920327
919783
919239
918695
918151
917606
917061
916516
915970
915424
914878
914331
913784
913237
912689
912141
911593
911044
910495
909946
909396
908846
908296
907745
907194
906643
906091
905539
904987
904434
903881
903328
902774
902220
901666
901111
900556
900000
899445
898889
898332
897776
897218
896661
896103
895545
894987
894428
893868
893309
892749
892189
891628
891067
890506
889944
889382
888820
888257
887694
887131
886567
886003
885438
884873
884308
883743
883177
882610
882044
881477
880909
880341
879773
879205
878636
878067
877497
876927
876357
875786
875215
874643
874071
873499
872927
872354
871780
871207
870632
870058
869483
868908
868332
867756
867180
866603
866026
865448
864870
864292
863713
863134
862555
861975
861395
860814
860233
859652
859070
858488
857905
857322
856738
856155
855570
854986
854401
853815
853230
852643
852057
851470
850882
850295
849706
849118
848529
847939
847349
846759
846168
845577
844986
844394
843801
843209
842615
842022
841428
840833
840239
839643
839048
838451
837855
837258
836661
836063
835464
834866
834267
833667
833067
832467
831866
831265
830663
830061
829458
828855
828252
827648
827043
826439
825833
825228
824622
824015
823408
822801
822193
821584
820976
820366
819757
819146
818536
817925
817313
816701
816089
815476
814862
814249
813634
813020
812404
811789
811172
810556
809939
809321
808703
808085
807466
806846
806226
805606
804985
804364
803742
803119
802497
801873
801250
800625
800000
799375
798750
798123
797497
796869
796242
795613
794985
794356
793726
793096
792465
791834
791202
790570
789937
789304
788670
788036
787401
786766
786130
785494
784857
784220
783582
782944
782305
781665
781025
780385
779744
779103
778461
777818
777175
776531
775887
775242
774597
773951
773305
772658
772011
771363
770714
770065
769416
768766
768115
767464
766812
766160
765507
764853
764199
763545
762890
762234
761578
760921
760264
759606
758947
758288
757628
756968
756307
755646
754984
754321
753658
752995
752330
751665
751000
750334
749667
749000
748332
747664
746994
746325
745655
744984
744312
743640
742968
742294
741620
740946
740271
739595
738919
738242
737564
736886
736207
735528
734847
734167
733485
732803
732121
731437
730754
730069
729384
728698
728011
727324
726637
725948
725259
724569
723879
723188
722496
721804
721111
720417
719723
719028
718332
717636
716938
716241
715542
714843
714143
713443
712742
712040
711337
710634
709930
709225
708520
707814
707107
706400
705692
704983
704273
703563
702852
702140
701428
700714
700000
699286
698570
697854
697138
696420
695702
694983
694263
693542
692821
692099
691376
690652
689928
689203
688477
687750
687023
686295
685566
684836
684106
683374
682642
681910
681176
680442
679706
678970
678233
677496
676757
676018
675278
674537
673796
673053
672310
671566
670821
670075
669329
668581
667833
667084
666334
665583
664831
664079
663325
662571
661816
661060
660303
659546
658787
658028
657268
656506
655744
654981
654218
653453
652687
651921
651153
650385
649616
648846
648075
647303
646530
645756
644981
644205
643429
642651
641873
641093
640313
639532
638749
637966
637182
636397
635610
634823
634035
633246
632456
631665
630873
630080
629286
628491
627695
626898
626100
625300
624500
623699
622897
622094
621289
620484
619678
618870
618062
617252
616442
615630
614818
614004
613189
612373
611556
610738
609919
609098
608277
607454
606631
605806
604980
604153
603325
602495
601665
600833
600000
599167
598332
597495
596658
595819
594979
594139
593296
592453
591608
590763
589916
589068
588218
587368
586516
585663
584808
583953
583096
582238
581378
580518
579656
578792
577928
577062
576195
575326
574457
573586
572713
571840
570965
570088
569210
568331
567451
566569
565686
564801
563915
563028
562139
561249
560358
559465
558570
557674
556777
555878
554978
554076
553173
552269
551362
550455
549546
548635
547723
546809
545894
544978
544059
543140
542218
541295
540371
539445
538517
537588
536657
535724
534790
533854
532917
531978
531037
530095
529151
528205
527258
526308
525358
524405
523451
522495
521537
520577
519616
518653
517688
516721
515752
514782
513810
512836
511860
510882
509902
508921
507938
506952
505965
504976
503985
502992
501997
501000
500000
498999
497996
496991
495984
494975
493964
492951
491935
490918
489898
488877
487853
486827
485799
484768
483736
482701
481664
480625
479584
478540
477494
476446
475395
474342
473287
472229
471169
470107
469042
467975
466905
465833
464759
463681
462602
461520
460435
459348
458258
457166
456071
454973
453873
452770
451664
450556
449445
448331
447214
446095
444972
443847
442719
441589
440455
439318
438179
437036
435890
434742
433590
432435
431278
430117
428953
427785
426615
425441
424265
423084
421901
420714
419524
418331
417134
415933
414729
413522
412311
411097
409879
408657
407431
406202
404970
403733
402493
401249
400000
398749
397493
396233
394969
393701
392429
391153
389872
388588
387299
386006
384708
383406
382100
380789
379474
378154
376829
375500
374166
372828
371484
370136
368782
367424
366061
364692
363319
361940
360556
359166
357771
356371
354965
353554
352137
350714
349285
347851
346411
344964
343512
342053
340588
339117
337639
336155
334665
333167
331663
330152
328634
327109
325577
324038
322491
320937
319375
317805
316228
314643
313050
311449
309839
308221
306595
304960
303316
301663
300000
298329
296648
294958
293258
291548
289828
288098
286357
284605
282843
281070
279285
277489
275681
273862
272030
270186
268329
266459
264576
262679
260769
258844
256905
254951
252983
250999
248998
246982
244949
242900
240832
238747
236644
234521
232380
230218
228036
225832
223607
221360
219090
216795
214477
212133
209762
207365
204940
202485
200000
197485
194936
192354
189737
187083
184391
181660
178886
176069
173206
170294
167333
164317
161246
158114
154920
151658
148324
144914
141422
137841
134165
130385
126492
122475
118322
114018
109545
104881
100000
94869
89443
83667
77460
70711
63246
54773
44722
31623
0
