538512679
861306756
637230439
299256838
107494293
857876166
362613319
875306315
230562244
-1
722207180
595831483
252759042
578276023
474387906
622434031
-1
640616719
283371121
921110954
362373587
-1
-1
710337840
899701518
-1
-1
836307260
568816920
607261518
598427266
202427580
811743665
339892903
-1
385152196
311996709
319846440
-1
155679309
587419303
192032925
-1
649390731
522607755
-1
700005364
858741179
383220145
329028103
-1
783323957
403442419
794470684
733743602
-1
623876428
203044961
954766865
-1
-1
297197126
421276506
446500858
-1
924968353
549244327
390624242
693913881
412646978
-1
755899271
186725644
186918709
518355908
769971228
-1
861640897
-1
218073884
606743540
611769822
451520934
235990300
900618497
492402121
899505053
899393581
-1
315929215
979963320
740771502
958770557
-1
873907232
556427297
657171906
-1
942106449
414724055
710818937
925924627
819993240
976117913
-1
890639521
-1
398844543
583365583
497274530
227209138
565777804
180986939
879133717
727643129
794755798
512568018
829269576
510634996
-1
-1
256408132
434515694
720878987
788506774
551584253
444964175
126566173
809976058
793658095
657361417
600396177
922205881
-1
802236591
713756230
644390222
918794312
333473637
599525816
444478686
-1
731487233
-1
315588464
684410312
568190514
604628326
868308276
231122364
-1
898433634
270352078
554335441
968640038
657666015
468287139
-1
369903082
796098697
738481594
500888283
-1
-1
511531585
-1
188412195
388251190
924525377
-1
937774845
258715006
653642704
907380313
999913138
-1
359251858
999535438
893689907
922841625
680416355
195086289
928968260
556179258
834361526
966940152
71390147
841357725
637994997
997500992
422698918
-1
186782299
-1
513084265
177652422
992816510
873667966
811666724
-1
683689603
873123198
848456597
520403977
445271689
558885584
393070367
200056800
-1
578256179
381852943
161468611
886558030
254585667
546316130
184311981
566456010
685486675
-1
364596324
-1
818122479
-1
446794593
350326944
449428272
-1
671633188
521810185
-1
422253611
875926232
-1
713590480
767020536
548060225
673028906
-1
267190582
309916925
878767540
-1
703180570
913378535
504724724
918852828
584155964
471632440
547270166
321712436
-1
-1
867240992
491618724
-1
-1
951250435
476091639
-1
-1
753554488
945702072
721199427
246479980
242331123
822614841
521736890
-1
-1
964064837
355736118
974447360
275098074
597826716
580894015
622956929
304856015
528519822
398011595
639667252
319248363
405440254
377188431
705052629
-1
-1
899111035
743894193
580866046
547879771
-1
-1
211750061
196451928
494804705
707396264
299940518
-1
792853069
-1
632384382
849827578
420749488
869083462
553522395
954793709
964233879
509342878
917659802
299551921
879088315
698518032
465753823
-1
856176243
301605659
901650478
762865214
561961553
222979228
581216286
712919530
313808085
572078386
478156440
669952412
639227604
262119254
254590587
365461829
405406630
-1
986498961
-1
397482174
-1
-1
284429403
204677402
806561220
934734153
755290143
-1
-1
-1
721178210
791416735
526943282
715198922
-1
656486617
423456153
670738419
533150116
787027827
951211893
561992490
-1
-1
742575222
403267613
868314955
174565137
402097878
585517660
-1
932833108
809210636
876296420
394870351
196579834
618270953
572007075
937757885
219924539
551627021
675575627
-1
290428162
308688630
-1
-1
499625103
383373176
-1
456946751
611367797
-1
921543004
309531766
586477286
407725116
-1
478253248
542369651
281339894
599385093
679632827
-1
624874584
87326365
464098726
-1
220335681
645174844
884694928
814832298
743620147
401053430
-1
578329588
964419736
507530593
927868491
472546305
612798257
724419998
313321171
681497170
-1
256693547
627447309
661874610
920988139
877042207
322852447
989481401
-1
415259515
374425424
211165876
922916890
554727944
666837221
32871934
699461651
623178519
395330314
519890578
774494002
443605079
364749011
980624853
142322051
650569513
241759978
886999025
686281601
977473534
955561174
517745540
399149618
933733239
986288826
99855761
-1
845883467
763613912
544867053
817450307
-1
556997059
777873466
687694619
299036435
686558601
219904430
574842681
280671969
525052966
782611107
-1
-1
593473741
482582389
778976667
152625080
52956303
794477081
306382120
433052673
709883037
691525023
355522190
789849602
-1
548153161
539827228
357077614
550479594
-1
847432340
282078837
715412774
834151512
475731818
244594871
450665812
677374464
547630691
-1
818163286
528268580
818754460
828513722
487540647
-1
279242282
862879296
388569585
520007380
952056032
810707097
-1
232729461
723572603
613710270
-1
-1
175582138
596522068
516309936
814074150
529051661
468539691
849786864
291381289
160741622
-1
790519287
-1
923117204
554815539
92061876
765294569
706003829
890764547
498282677
366763417
-1
-1
-1
634292944
-1
921688634
193151827
-1
411342877
469081712
870828634
902542237
262446723
787685030
906116200
356638249
869198860
215187256
921888931
965202507
-1
-1
-1
621060140
558871773
-1
-1
638549535
601508821
681722675
451683933
877887523
552988516
861989586
226066261
-1
-1
562727344
656479033
-1
413609935
971747481
632352642
-1
183193644
356354084
915632257
437034508
466195558
624394289
575985096
948951058
-1
740106836
891631154
938672436
824665625
418862394
-1
619842252
980532863
539069697
984390449
511712869
709725381
974635959
468645456
610844938
414071080
977597175
246780034
-1
362451346
387816448
604363391
-1
-1
460692117
290009329
278416988
851460977
473563257
499123195
-1
706921956
739128842
196994858
257352493
300369900
261891801
452433329
975533126
999483561
287396291
372433495
633539263
-1
396398043
162764690
728353309
938579800
378535115
-1
841350189
892348824
721310039
654206899
381445891
802571609
-1
242400923
751922776
372847699
995709000
537517559
508918915
857395047
319795366
579511482
548083114
553130128
868845302
827913926
-1
681006692
948308946
-1
928927944
638883200
815084141
399209185
741243457
457423062
784361567
974831509
737961489
870637097
444421944
879744311
546341883
775432401
547428986
747603460
568457585
415919841
219637939
556876387
968432435
227702618
509202231
-1
608611257
839679255
483975119
979019607
562444501
15504097
508453663
-1
191428431
585098773
819105075
731161625
532667548
883867691
878458571
679894982
-1
716446946
998549689
-1
836876152
291139878
-1
680985902
-1
978120357
981665506
-1
651763963
-1
-1
306304377
626529020
390232144
929782781
966000554
566921248
654021640
-1
-1
317289436
788407482
-1
515570115
-1
814715765
-1
831751076
-1
845509057
697591356
509807929
480929789
-1
717007688
894294728
633792929
-1
612957907
604267804
558688834
-1
697513863
917483584
332504076
220890581
-1
404472629
427665757
288480154
445229750
-1
371555061
736639485
925651582
666353580
-1
506646175
792590780
710758566
-1
442807421
265586352
-1
930354289
476233499
423628234
803953916
859484312
-1
-1
497095700
-1
605634224
506913527
571366175
548646179
242304853
883254181
910575571
580204337
890652402
330026140
945159651
610508409
425834839
775054372
-1
793263273
-1
-1
148655552
521940487
737930328
830694990
408491632
535469322
275775190
405539451
706758367
556505181
150608672
428825325
-1
311813339
316554637
794390389
-1
300847252
623592627
167589189
927385194
693141879
426578098
861676961
997141429
518783618
-1
715844564
-1
324493967
617567836
408366919
481874067
542140626
985670027
-1
-1
688875356
999314899
234223096
515870837
618663850
761651761
311591770
862828781
-1
757652243
-1
-1
953300967
161153545
439733624
315519049
701619019
834531574
-1
552207561
259452874
-1
279906299
988965073
590797698
678082924
415945213
999283652
797831931
721013179
-1
663663353
286182423
809109860
494288308
763847394
255445768
-1
997641453
229551875
621824950
377180475
-1
389119129
734367029
441192727
420269505
340820314
954250386
576791489
442546031
-1
961236610
723861973
291708511
-1
615577877
398534004
-1
-1
927163318
-1
842772874
798969640
656270652
891782105
247840849
-1
560095528
-1
523013523
337382691
963275757
278337080
-1
614920881
792664412
131152175
810247920
493158186
-1
719002838
-1
785923473
132748420
137859770
386456611
778636509
262087938
765689220
-1
660177052
-1
830831268
949345170
580633924
691046344
506442134
658884781
-1
771038901
747046342
728415455
831027702
-1
-1
-1
650653734
497696251
-1
748801431
493851760
618570032
-1
483841673
853036465
573437662
-1
661401407
527591876
888138258
332518601
825147526
857313797
-1
518969957
-1
881782347
968448537
-1
393172377
305789405
499894052
535211499
371059625
605497310
646100712
-1
711036560
499776636
154648858
578001274
431219580
494664424
-1
533386200
110565732
624045807
604282894
923369200
663054049
-1
298463626
888238004
576784077
-1
950553082
494241501
-1
661807929
-1
112647863
556768822
453833099
762333808
309532396
-1
957558885
839819996
853335715
339492351
530251634
218397336
324731556
796922093
519858510
975141989
563584419
358673795
974627318
775183449
615275027
221220721
659630177
830380408
-1
-1
804890826
-1
236515693
-1
533968566
-1
789644227
288334024
649915916
718046845
-1
992348802
721975875
331252656
957135000
-1
827669520
441553706
674097178
-1
-1
613470910
289600485
-1
896682867
554891719
736959083
618387937
660015663
509385503
876302972
529652090
40412783
704162961
525995171
893286818
585326200
107197785
612300529
869856900
918427200
491968239
679563725
887583480
241833600
738107453
295947819
-1
476672882
-1
725840641
408959632
-1
-1
514056886
233573317
675406172
258382819
756398011
916270292
291109377
-1
778599864
978771845
807456808
965446143
463954579
715928086
377182710
-1
644043711
474243926
668358908
994583784
171213189
445897055
298811563
999850129
858364185
887190997
-1
368807709
-1
377571947
-1
542561765
303726116
-1
851515632
484254432
707192540
779706319
-1
65623739
426456533
-1
-1
641428206
730764715
502854827
354655724
589169746
529830999
225567793
378089940
631561633
-1
-1
473611001
702522221
323164607
236250605
615737169
543366713
746722551
380974438
694744867
330681492
987984953
210816176
511596509
-1
43780281
533290935
784489996
675675402
911231247
-1
513254633
824632709
814825160
740149858
604799544
488426415
564011753
928200964
745245811
234694278
746353677
421533947
648196035
565629109
785919103
836540866
800382202
959915064
853134984
-1
914239910
747705721
659794642
713375951
-1
-1
-1
493268814
486294739
735510051
262097477
816491662
-1
953421277
971512406
665390374
948628131
733486311
796420254
974883373
780987608
-1
202658133
928570807
336611970
-1
-1
177093075
499001191
768779772
792433666
671971320
-1
599910396
512502349
803667060
582677694
341141936
470775322
-1
313853678
635420459
-1
950654179
248701094
-1
299933578
-1
-1
880258941
902000974
945773322
937484241
694144745
858193733
602194417
857216238
604522250
681235626
598033617
219255057
648461135
347986895
678225878
858531209
942322733
366046885
188818403
927764587
700615290
719179818
-1
669569584
635244177
-1
778641617
439823360
-1
224242513
727568061
-1
261847315
-1
660898104
381927352
914952594
508514390
269458350
376930136
934962333
-1
566361872
-1
614615210
937515147
342104034
-1
662866130
504417045
-1
888061835
-1
-1
329668542
472420967
766534614
517308592
-1
826933104
886802105
626858095
105392296
-1
596841241
724057061
152760044
803735431
656190794
607885589
802072845
-1
-1
-1
926684081
-1
785370720
767626451
657617198
673671199
-1
-1
916126284
882904946
793335757
790807199
-1
787197449
475850719
690847851
700260287
198649476
528452913
975485159
298686137
607222087
978298945
662699197
-1
524614326
920777350
422625604
320065039
128922877
88107032
695479454
520084638
225341515
-1
789054375
471547100
247102107
711222044
-1
-1
665737563
539065832
170021935
950665674
919229454
59373117
755379156
170980874
981552691
881037315
715124605
251151204
468988480
752431918
874174089
693669361
526253263
278540251
661470435
209341159
893051236
904205056
811009979
531405121
758309934
561182219
721268662
691719230
951487841
636595692
406605483
453967982
469445476
882068029
778635699
803021820
451905663
795782268
-1
-1
94465783
815476094
662948063
607906023
113638766
-1
292421664
589442580
894754238
-1
239732599
339724966
972846840
467775480
600030826
576147866
-1
-1
840530916
351873012
-1
213177384
918813224
484824565
-1
-1
726348928
-1
361219545
908685316
516442492
767033146
-1
842882679
548457123
917916699
892823020
310083194
664282351
861899858
934678187
-1
659863203
-1
-1
774185449
968522821
-1
505924361
259202821
-1
452802007
398782875
-1
-1
893569987
527714251
960089406
313557518
640978571
513579719
378460434
-1
905947712
429644550
251989562
-1
143237942
722133809
353626313
959951127
360052233
908169783
170224618
753712694
686273176
-1
314186909
827424611
927850803
436199426
-1
776866086
309692267
670051626
-1
-1
689518045
575457164
-1
255866833
440763742
-1
293515612
-1
632369631
-1
93755006
-1
-1
936172020
284638106
310683298
689448910
449695292
639820699
829776257
456464511
857894942
212511793
205084071
852748245
780036243
954087318
891055587
376618169
707600339
326790804
191112133
792961076
422637157
883428335
407317631
660168925
383829666
313159693
332325770
752549528
-1
927614669
-1
765707491
378468707
-1
555383193
-1
564890319
863971463
434991069
507555843
49075667
230081927
962190721
427739649
757834926
-1
911700247
682663488
36990080
903868656
269011076
180955440
634270410
921404497
650836203
-1
116717369
729919777
48740405
980952962
814530050
259079656
515460913
-1
948263374
463075432
784592166
-1
160958784
362011263
917869017
22963341
-1
-1
155078261
511660759
261009060
859189656
909782868
267707437
788169892
865924653
634343295
-1
-1
150355227
859500850
251011343
586476962
653119774
-1
-1
-1
808776647
975199526
578341280
528418594
523450076
-1
780551206
322381740
387632862
342324843
420542405
326971972
-1
933772782
412111922
-1
880449783
626225776
772012846
665024892
683557087
-1
463303906
457088050
102541850
672120370
849113813
647806582
-1
907710522
499410045
266448714
802138533
379105196
-1
-1
-1
764872846
875127452
587008008
666769784
565167790
289814048
653100842
361730068
719954648
-1
704822159
402155065
367808498
957125039
213216596
776523778
512848729
821316511
811390794
315966957
713592598
502032150
368778559
547829283
844115038
521477714
387744267
221376076
359924751
747012523
435798735
-1
570481549
534881721
198695433
422288044
671636307
648063294
-1
716321133
382440023
167585385
634788355
871085547
719589562
239050591
485962335
-1
593498745
968052833
505004560
478860073
698577012
620008055
348304327
-1
478941885
366262281
714573353
839737754
-1
700941630
403731333
85207882
774683123
437980540
713063683
837689556
198751046
-1
202529173
85572718
758413525
674311903
353165758
332206924
-1
856163418
286153327
994216050
296096130
303499575
626890595
-1
436962606
814165978
974085833
-1
911229752
-1
-1
685419603
-1
968473241
365370782
517277666
885526179
147402093
319256147
195165318
977717969
946589832
697341419
456668832
377177879
757979025
457314252
421212490
905339669
375644773
552464543
-1
584082356
394377643
401049209
745196988
404621311
305453482
747855819
517834804
-1
554205667
730970494
721900932
-1
507706014
894379792
979410558
-1
169402436
-1
219715009
639464802
-1
650102561
984307372
542041308
382033855
939828792
299304485
356854034
-1
640018102
275440398
167294561
457312260
829617971
862821786
776772501
855388701
629486170
-1
808883171
490390121
359184484
550595111
754666886
409332309
718828840
137242286
589687558
849112217
951804532
163058493
825446694
-1
518720886
-1
261782217
-1
233598776
184111252
610775480
-1
-1
-1
516795134
554364653
425857828
96864746
302417255
-1
550210903
106119202
761596612
433562870
668253781
859965150
230044765
-1
-1
212085004
473207578
910364376
613513095
493598460
-1
-1
899311434
583492305
479902540
-1
442373668
-1
992447309
-1
144055167
501598140
598095618
438923045
-1
-1
830407972
916642505
645543305
405196039
513041109
886163144
105615179
-1
710278369
-1
669078102
530520161
184358217
273141336
994283122
875219131
-1
312436937
-1
624729156
195839468
593591804
-1
-1
645564139
-1
-1
437490765
728636816
521092645
132170478
646138036
433731991
-1
-1
857631824
633240302
831338887
821539167
834561023
711955291
420764067
-1
816193554
-1
405931123
490567863
918563263
436432884
-1
469411085
630386303
713722929
221920241
779044879
-1
108694770
903869748
173808438
699620418
342186407
-1
879572302
821250227
775280320
432716651
245182169
866810268
-1
-1
738032219
926618785
340331612
373933811
893017310
-1
893687539
453727096
385303560
781358259
759224650
-1
678708125
-1
677681024
784687400
-1
637305380
472962769
187290082
-1
350246201
705741541
447709787
-1
211571544
118769668
365084721
246253076
381423923
188838663
221042444
576764185
685295965
590036496
-1
121648967
767702954
-1
797512169
-1
501911237
888618557
997434837
-1
258933026
221782973
231124474
509396057
608343640
431181454
950949128
853560444
425393757
975237614
-1
594806598
973730894
801066291
240862879
961788906
280735410
962237875
43660303
492440472
379501464
966006826
828499190
-1
585062573
679196943
362473662
507640236
790615989
633106991
629235666
164499314
994979892
172145149
528734693
203068517
300780152
768365827
505095569
-1
769472660
696898591
-1
-1
763517518
792712591
543922504
874372277
928871624
768596367
804849556
252818801
-1
782824108
-1
673976097
413098198
298002538
-1
-1
352615013
441212611
433987642
485743473
849004882
678411262
513457585
667741234
265498102
880842510
385756809
440016980
939966283
293714036
-1
925917870
911305820
653211941
-1
298834227
963498926
-1
739615027
531671598
782957288
720877637
994035637
362916614
646215897
-1
894326084
528604163
548815590
321897882
695265810
460046629
727143152
983998874
965445992
599926293
16538985
876842023
360155321
463290337
-1
576302032
556688583
-1
648824538
-1
801259295
329971514
550321076
695321587
576372486
807132472
610469978
781483007
108170958
585671318
188300239
101537693
-1
-1
472538851
768695082
557245782
234224645
944753731
774243103
-1
315320345
-1
831909786
274309423
755089622
702667898
196359874
505072336
-1
-1
533616200
911800781
-1
782107569
-1
531293811
398951179
919492647
542130141
-1
-1
551697335
56377984
943095869
323151514
627279792
597200091
-1
600523729
302188141
540816295
980948025
539860735
-1
-1
396899838
935484089
123826387
403164865
259119260
-1
974658811
566744711
-1
603317140
869524417
588143473
715606771
563858891
571326181
70334587
509584776
279580532
528964567
626868708
432578028
640506793
332732808
-1
905980235
901447666
764905891
799681288
394716788
255046702
376839302
70903117
-1
788815793
991299423
726972648
939343024
611122220
135668807
-1
947446678
908356504
434620468
637672307
144021541
655449923
510234986
87640157
-1
956550475
656775229
302586078
849981036
253973196
380881212
186239870
842611149
-1
961240136
613154805
639959455
485986803
347904798
365259067
784311455
607375401
659953132
638652099
770291789
-1
-1
675103914
630054276
776014227
654558034
945864894
-1
123487806
210344884
675313759
680248153
-1
602044345
631464980
505531927
-1
811875881
360555667
-1
-1
853252718
-1
512057018
570219112
-1
724424631
469036364
973659892
345766134
-1
642193435
308665263
313297050
-1
-1
943742275
312068128
724697254
396098777
118812538
-1
786170486
615097760
296197119
598589078
787842232
893206673
453932275
636481989
578453852
659557429
450346063
198694130
587857497
571949663
-1
708850634
755762633
817284292
737147083
-1
763933204
-1
805834212
779222687
869088890
661459082
509110423
121776386
671000109
574573793
-1
382817484
429466012
146812401
989999127
-1
730638054
388782409
487331778
-1
432399001
895576638
629581093
573619301
130476746
379341070
766903550
675058258
754126105
468292269
301715784
185626424
-1
889062750
393408099
-1
543522283
537317156
-1
-1
-1
756105602
493993043
348401186
194141377
-1
931725785
-1
-1
-1
907231255
900254729
-1
893104729
920182316
649989790
784403053
841611968
549320873
259589754
267483806
-1
495757926
-1
408082600
-1
254266056
203977735
-1
328497806
647008376
-1
-1
860029631
957550622
-1
165987964
971591985
584770306
-1
789915459
267627790
-1
-1
135901159
313007333
823670182
549182809
659874404
-1
460380517
-1
412698316
825224814
245126590
-1
-1
195359525
593173953
627747299
-1
531502724
342861834
659315819
-1
888640479
620880270
315817518
-1
-1
990000455
-1
188461710
-1
-1
817543055
193654799
269772295
576304351
-1
-1
645144081
835765627
-1
866382491
822090908
-1
470252262
375612471
777209325
808703287
446773618
-1
983038515
389751656
-1
269375602
884105673
-1
356101819
986673692
657872064
181606963
-1
-1
726855679
850538170
539590922
452067323
517348306
808309007
576927112
-1
986618583
802866292
640839420
283543063
422929534
-1
495723408
490316245
235695187
116923082
959256679
766553482
967140837
-1
157972796
540159209
449797726
904503222
-1
572265601
540884577
477074729
576995856
488155344
734578781
129063361
488130610
-1
-1
-1
-1
516408261
-1
-1
586445623
895764816
282934740
847565187
636221360
-1
883572929
620057754
359999482
611091209
636336159
323748122
-1
696252863
717672694
285420792
990421796
-1
509006919
638383875
943703651
477300058
502788608
638514732
753925214
294658830
959796441
455015008
-1
504815909
900615239
533779351
442140770
-1
858920393
303360400
-1
851349850
254220826
993457520
988701964
195857311
412124633
530345307
618568474
-1
215403019
579740275
760634338
120791556
948797661
-1
673488496
786426653
404468457
218393164
568461026
-1
510846711
949291846
-1
-1
549630140
225383199
-1
487477590
-1
812843195
844785434
659756140
-1
529997272
232191593
514925124
907858227
912035160
-1
691566667
327794367
968572310
780981206
459252885
-1
610697594
676311027
15458138
374440526
618959520
372700862
-1
-1
883627639
612138342
-1
447361742
219307720
539486847
972933526
-1
832563268
138939300
357349538
842840797
563853174
709168802
-1
245492438
-1
122190986
624253188
-1
932215820
889408712
879729192
937828841
-1
-1
-1
483764203
-1
593332187
302882570
-1
582439918
781179472
-1
-1
892831935
-1
623024490
836472566
637300589
-1
140033454
959374032
-1
457249396
765087209
241983349
948729831
719510472
657432907
597209527
426924044
-1
685396908
115536821
796154849
787659932
852804736
-1
641182384
982641010
247468683
886157619
-1
578371135
491574387
793516000
-1
902338636
597565773
858313426
834021206
318344449
-1
159869172
512670015
681412905
464347096
907281349
783980477
620042474
987963528
-1
326883249
164105872
540132760
103319026
350698980
777075426
341867174
379846022
426102069
612522973
685260892
448267849
-1
211857330
763732211
-1
834050514
710289926
884794372
881154120
-1
682385446
346970335
533779450
456790655
519985881
988483189
860147361
804827852
624847151
942179374
745955400
946444004
670035007
301886283
759514221
-1
546813642
767160683
612644145
521345224
615322730
-1
660669176
707163131
233975580
806706286
249515645
430241242
664589191
-1
165333675
675614462
309980110
753578939
902472626
172804268
484525589
543924365
217898713
319028023
821376740
-1
-1
596330020
-1
892888711
532439217
761040306
600675369
771779185
165395203
-1
705223073
423420807
836433629
-1
663045717
321756079
543506080
886502408
254088212
953389664
236182963
-1
-1
823746437
62935110
607830055
451187173
567871036
686864397
125659453
933014306
554601936
480286831
290748385
353807766
615486377
260329532
778320950
803644332
897570872
852836412
241938389
421868653
567486321
411921796
852622779
-1
493739422
749120644
852538513
241056902
217076215
635974614
888387851
961065911
-1
-1
-1
-1
997176314
279632896
860510475
304858748
422425350
653520765
331059945
874167852
838298519
770918199
460336954
-1
340798112
823494745
52513542
-1
238210222
789083504
675393880
951122728
864540015
500861913
-1
788997238
317071781
-1
841965654
812675055
-1
968260245
131345571
360944581
-1
622607046
-1
910563641
557360814
-1
734865394
867959283
500718326
705508478
702661986
386963003
919560150
522455219
880652392
959240031
-1
292090266
621635116
676570895
326608029
739180844
-1
644221781
334802644
394061086
331548590
941030822
361421818
632324503
994054409
385653727
989059552
811860134
927856644
105199349
-1
361463905
188390159
173991141
838279881
497131518
705565360
966272951
266240120
366937332
994570203
862418879
574258731
206153270
300547491
410670878
175360097
-1
335032581
586587951
662421073
305404241
638907062
726353053
661715553
253899230
596345194
-1
503648219
691236177
633412789
504333140
651805952
890862001
-1
660270827
294815101
492374840
770635925
989029862
-1
93844675
-1
288893168
569830028
-1
-1
596711355
565600437
297853909
445456067
675731730
205905035
599187777
311043577
413620482
216249914
932822441
492818727
666155249
354849181
-1
-1
314616400
691243866
-1
992626768
524374795
289028598
-1
726202910
917030984
930288612
242430506
236288894
-1
976515921
489484011
991363582
-1
552674112
344040652
901713835
523846604
555017360
576546270
677563187
-1
398262326
489925558
577783906
211748262
315399165
175828784
290055323
901605038
-1
755712673
-1
779813995
800469422
769424639
339933622
691709292
479327916
379948523
-1
520936573
-1
812177129
826819823
192342253
466068793
283881524
-1
673985998
404661092
476133123
301933616
665366614
880757132
285631153
588582263
962476674
950187242
751209377
584132736
-1
411533946
210725934
-1
190424902
618417054
948498101
606828948
618885716
406283341
887349823
898162306
311696117
952958998
664542326
636662847
513588332
612602846
-1
989994639
369689119
904649074
127657444
907636685
785125298
381742161
-1
-1
954771507
718684026
435078492
208011161
-1
286112410
608653733
594896152
839662490
546044054
-1
497922170
427752508
647859915
609498196
130835684
629855146
989903088
584816062
697842775
935038557
161271039
944105703
468544360
285679552
-1
836151374
642198885
842611338
980879954
-1
795508202
647269619
-1
228669846
308084061
-1
897481142
452979169
525084918
-1
737750564
303671639
551317367
844620030
161940601
987724777
974603509
444058089
720061354
369923949
259826452
705761389
343258325
770473468
336162680
770286493
218497356
171318222
897615009
189743543
949200161
339283711
271373194
998550197
997017140
883128568
476435319
-1
931348875
444599710
382238875
-1
972063824
108780417
-1
298967242
950335484
-1
882592383
332211429
-1
801435856
887545113
176800657
665038777
822160742
711928989
258599362
818658401
394509550
-1
729302628
797119363
556992155
887913885
494667782
265626005
-1
630280624
-1
603209368
-1
421262456
870705193
-1
-1
373854772
574388910
867356354
532046140
510748430
813324348
940302745
508079145
482656301
240874949
491052148
-1
773381850
-1
237116082
371009705
-1
814985662
629577643
-1
-1
889948502
537514797
680043389
964730637
-1
622449106
606814326
61308140
947599166
100215543
-1
758982704
292811769
217095731
126824706
502204806
793376805
208702104
-1
434902837
495855889
729649301
628994129
272720499
-1
585504749
592679458
-1
696143440
-1
897929765
542866479
518787153
287952916
723316132
886364102
365582961
-1
785645090
838777763
229353758
-1
715575616
-1
483543164
516109055
362709749
508323362
-1
657777858
142759116
934453631
409689131
-1
705733973
927433365
-1
-1
431026769
847019799
187553273
370236199
-1
129554993
956126282
205298749
277926299
-1
362565381
961438779
290073082
-1
507913230
696613212
674193220
398511723
682200530
-1
730637722
562189389
-1
-1
359899963
835284376
428059906
-1
-1
292711218
614438110
984270251
189483174
658118717
493153514
182434759
952974188
454773169
437530809
723844629
470232765
791222135
899205774
348584438
331919518
948369750
664058139
850568231
625378788
694357201
-1
809963782
-1
914540861
866935901
-1
199175880
345218659
235341879
480999794
524529445
725778963
-1
-1
792139787
168021981
515659052
544206811
407016014
254419254
-1
548554710
810732290
470888123
533048698
867465886
477209651
560162059
909054302
896787846
328172630
-1
279053440
770177230
365404045
718527468
705925102
-1
-1
240836664
555919224
-1
942168807
-1
930080912
566632458
622266061
-1
604241678
223977322
-1
237505843
894526896
995689277
-1
600322149
732671079
829940542
-1
518143678
251086985
823451772
776775821
345466974
837742367
-1
555550403
277598853
860785582
-1
913835058
360968453
204452217
-1
285954666
371260483
341161421
176172881
925222415
203066005
929269212
410280724
862449978
430453113
298417671
594224095
98218313
662729768
-1
403325974
-1
862948600
288483420
805615326
-1
663948053
869578077
750299023
823274489
623476564
-1
565533429
548307436
699442491
497520606
440081190
-1
990955795
293314882
156842683
773732870
535083327
325630650
408546451
839924170
-1
515874810
236939672
932656307
258911895
186748840
246464416
543354994
-1
347707288
686283578
830121951
-1
533563539
531995908
805478419
-1
653118124
696524497
297571240
-1
601447479
941371860
261842304
407426823
648908384
842144880
635925726
526007943
-1
-1
811863524
629694645
-1
226021413
-1
506369816
910927342
415641636
697789910
678511080
450929013
360692862
967507929
-1
420405298
290683765
332850736
577892517
738239948
623907549
-1
-1
750149418
-1
884259202
386017302
504117409
-1
-1
320877469
760968562
284783353
452001184
825114490
607883124
843071420
659679767
-1
512783127
618913563
218434544
866329789
576071012
-1
388133645
717779639
247296050
494446225
802616717
-1
214430656
375688777
279319960
-1
956015966
525900531
499457844
890427866
349768557
303928142
-1
114865217
923803433
555178554
-1
858782179
-1
-1
425990066
-1
178590118
257113987
-1
599868768
639786936
237124601
-1
-1
651684954
907424961
-1
737923684
999886498
-1
833508049
970888321
728961248
908772981
534898912
-1
969210849
282173013
880907018
456930898
452888195
632905195
494330255
184293885
-1
770857735
999376183
-1
985247423
800228231
-1
199908132
-1
909732879
586285205
665628831
871249436
493985535
494564282
905790282
-1
-1
863751005
885867186
-1
-1
643679569
907366926
-1
847330883
689547351
148753411
869713494
-1
-1
-1
568231095
640719113
-1
-1
801817651
391000146
563138622
386851614
260461143
746886906
201334039
585455163
744027952
567533472
-1
-1
-1
850520654
296221806
570470762
279736597
754724280
879313074
287167380
645186838
932806136
538085643
375199637
773481257
999124572
458376024
534080740
-1
838748143
-1
864896891
526121914
922483622
910278173
903950341
479101538
192174637
267407231
212299098
500302850
355379395
329712401
452146342
964469354
597437150
69545913
-1
812606988
578626907
194840368
767318562
-1
154467955
673543880
469670882
727626634
875377216
849177666
650922626
259738319
875985707
611382269
981464468
376514867
-1
-1
418872143
286553516
627638209
-1
503299397
973058282
570242929
502820077
-1
-1
650009404
596838975
-1
879937027
960191369
316686120
908354236
-1
784729134
389916598
818639032
274943509
718927442
968258103
280873039
195081706
267572060
257679718
-1
-1
836600662
751622828
-1
411039042
934789152
586328240
-1
652311971
945174672
555645838
272700334
617770722
-1
773567020
-1
433976874
548513864
489874750
746992632
411541084
504047812
852328599
633000979
386224950
424829579
810309287
820226896
-1
544126081
-1
563141952
67836967
41082503
948821096
333025099
738956889
-1
-1
442262984
969482823
242471003
-1
632191556
-1
-1
474694297
312877634
773784888
799446983
799451837
-1
307277440
686825750
995343211
437267801
-1
-1
463119855
285977379
-1
-1
994763325
-1
294265075
655175198
877770517
-1
430663469
356516031
-1
357719453
-1
897113212
-1
839294231
435207959
551502509
567234029
829572719
681500766
-1
-1
860955701
903360258
432243234
-1
798180037
431283492
-1
-1
-1
896445997
301960753
412233562
779338424
79061413
-1
595087541
270006374
692001940
942687861
878786017
566602213
772720305
287565835
672727582
-1
325046273
635829716
-1
304904072
-1
-1
210190505
-1
179053969
830633884
821838990
793046689
612834423
803988561
361280989
880811543
500644216
563262119
935767234
720129473
-1
613228907
-1
481333298
253001949
978206445
743918862
-1
351543533
836429389
629256660
628513387
992483691
295670200
852608704
912956950
600600834
385884269
830628309
-1
37646660
434178504
696098227
687308249
-1
692597888
503207763
639038417
-1
-1
838498705
763493005
-1
831237481
659837269
952579472
960526194
326458321
249555405
570928061
-1
684599374
803683620
284547165
934674259
413639640
797489530
576641838
239128686
629201912
158458304
505257987
697566914
622736552
564118334
386608498
548332683
490251334
769986355
961965594
399881608
201708206
745778825
-1
726964334
502081264
911581757
694339243
764745144
637575986
930843311
655367252
689899551
-1
254016138
-1
358978890
886828662
249360759
-1
-1
750766742
-1
727775804
683114478
870621097
236154480
-1
178508577
958269173
793885358
295188315
417922795
758017602
-1
889733978
208299888
-1
752071150
870174544
567844291
-1
660466762
-1
366208975
978953024
334332099
173209328
934718157
823505133
464177737
841317944
795733430
297196706
882181791
790985604
387502928
894211690
619456233
887877297
-1
247431682
576208545
137506713
466835385
-1
354286986
234527093
961350582
885135115
836827988
981605219
566692579
-1
16630184
-1
250820867
-1
570941653
-1
954729104
290458696
332853106
-1
45658045
230300246
903602378
339270556
95054364
565769621
95671783
427790359
683535851
805289660
452874218
336466783
802593946
935526551
604677971
756609070
956712659
-1
241384907
817447288
-1
982151633
410038178
956161970
830182338
512273867
200349670
897909732
374284809
613922708
868346185
938029857
306466135
568923724
592583886
221938472
822399636
833808849
901165956
440995528
471250953
406046788
843185220
798341183
172825071
402059818
-1
229293824
743646462
669443451
-1
276116132
535784194
480069875
274523417
984728823
585511709
-1
855342981
159957214
-1
-1
243654286
271699529
359665793
287105004
-1
341691039
196296083
-1
456359898
-1
428499110
-1
366489807
150032290
-1
467094007
-1
-1
694428298
908050410
-1
602681805
343026685
522627695
-1
282096296
-1
786432209
469356578
-1
310677253
434973811
417078009
680328219
662031113
994167914
563319448
977217080
874373060
399732383
764961164
317853004
-1
916406586
-1
444185157
829622249
303772086
929361804
280210410
890240406
467718438
506555631
534974007
55494216
796094414
383975062
-1
670616532
460022156
-1
-1
967373635
541770758
-1
464036633
382487928
-1
-1
423084350
826895743
397554983
475853454
295325289
991471000
-1
354377027
716861633
600709197
303016246
826640968
-1
299770391
-1
894851182
606158654
752552335
352087737
274726774
617890519
845609380
-1
623417886
859433966
205550919
321594323
-1
277377584
333703742
558461608
511153613
938093313
831953717
-1
459001672
-1
231379472
-1
-1
685160513
901376303
728400335
948742158
801863127
419998986
971342300
814646831
276570080
847063805
141241659
328247325
-1
459372341
665509149
-1
-1
829991319
734944609
-1
347688465
251698121
-1
619803847
838769686
-1
976951471
653010946
-1
831616277
-1
989079123
168980925
733762133
-1
-1
923637375
972491828
744426030
845509591
371907317
-1
611347127
-1
293896923
-1
419775813
181041896
132971471
412987089
843364811
266171314
703304232
280855747
907808236
800210448
758323499
-1
-1
567005207
483502857
754955794
558200385
383131879
-1
869105932
391827344
272251347
535773328
685783894
617151881
-1
914516976
-1
688047345
776728833
527206252
739328553
-1
-1
544326460
658407677
587177370
253425713
284480618
936203660
871942045
719216442
666282610
888419866
-1
714107482
625485966
296525706
705235069
458669190
-1
773891825
348387674
-1
903188056
351504150
256956824
-1
151170626
926447467
863664601
659732507
-1
712389779
501620890
936181871
-1
-1
-1
-1
50727478
249977466
984253925
-1
474531702
835448330
-1
357363302
160177362
837545453
935599585
-1
980170920
469743953
-1
456565310
191200578
-1
945208423
257046206
417554313
-1
415244220
636864150
428788530
-1
875851776
613312067
347838795
-1
292297648
701756910
863349838
640897922
275250314
581747547
855158093
-1
788746898
549560272
531403711
647320917
456856811
876495300
738529584
210785624
990397767
-1
-1
-1
612850039
-1
468529778
613546290
651130515
591400839
971216303
707983397
39689407
479158775
424300460
719164878
-1
725083136
658266424
393587928
-1
377390459
701460584
400402251
605368341
-1
967702211
930123900
738086989
360641579
543888863
248305622
898500419
560706835
238708530
-1
351637207
886546946
368784649
944321582
360919780
306352724
609553333
-1
839782544
950008887
-1
-1
528112331
504402805
512259516
404675038
899376780
726789821
161398684
610191947
-1
436034478
540203659
848743202
882185011
965903417
-1
527548151
542005846
780099729
543018848
989519033
987998376
-1
475607331
890557793
-1
873847028
920204651
776046807
-1
-1
863307801
-1
-1
434027463
712581378
334649197
845584788
986570589
867658066
553312728
975666046
-1
640790411
920156706
228213179
568336204
-1
442990140
157490102
-1
350868657
200011438
192789178
436315778
574026032
860320627
843564311
930758304
-1
596674691
-1
780951716
927914279
981714947
904659760
810348401
368842585
674042026
781823995
629342746
-1
703257559
336065171
-1
575655206
822007344
789355699
839080347
971666740
986538948
507053083
382188768
530820935
-1
581668086
-1
486482879
742206068
77684059
890707615
-1
-1
963679594
295856187
-1
876074847
-1
613739652
721099162
813486171
-1
121333368
800184042
445122457
541050435
525746214
770224446
923039983
899556361
663108576
445895263
548275826
670027762
749415881
437248672
457734385
911189774
955624352
306177420
689112711
556341226
932929368
-1
301670048
680934521
442492800
718587028
239025012
755045719
828524829
750376752
786281205
404203935
303156901
678413779
813295902
199913554
530019474
989696069
658766355
739640070
577368049
456541360
346308593
862085592
-1
796345553
391972849
-1
268909682
-1
940341367
695279818
587092512
628870014
-1
-1
336578623
-1
228490652
878729672
253894595
690666410
539528796
827556148
256050393
861146204
-1
241644520
801777067
302648009
335695735
587752866
972543959
385991064
-1
778750160
573944220
-1
921351428
-1
640920165
-1
-1
992733685
474134408
956766945
571311234
680487669
515168835
681278656
438557471
751186484
446356755
246275936
357496739
881488084
-1
379471968
606869918
-1
456787128
424018813
843524506
-1
547372370
595959316
881100354
863209656
335577276
915560325
668622090
955390248
169728112
300145848
991728480
615932545
451355924
536399384
922861074
-1
-1
499307845
278159478
-1
745480537
671023708
-1
-1
965654556
817390649
-1
-1
-1
718286188
608524164
895122896
747200141
674845743
-1
599653675
-1
887048963
238642553
273157104
294788828
230587688
-1
776850440
322426183
883098238
607204061
180301728
361548620
667348414
-1
-1
634108819
721926039
-1
194964959
959689895
579578340
314430614
-1
-1
778756641
294800937
399172213
523346716
857717773
-1
830899603
-1
439325950
835477445
785239632
575089811
220371346
-1
-1
749085889
799693429
296816818
614440911
-1
-1
-1
426769513
440776890
286440226
619798390
597372541
699231780
631394125
842499278
556000918
356174604
977589662
476260103
804585392
186688195
913657060
949821570
-1
350518658
192869989
163404829
964752775
-1
980754880
248884932
196257500
753666456
-1
890698425
938394541
473507005
923864826
-1
503869085
221455139
902775568
398121402
818711849
-1
-1
493869932
-1
645290919
917923339
977573100
820402523
754119584
752095121
860244836
908243953
546264562
324536341
-1
254957989
-1
604077151
-1
667229670
506459006
388118265
508888746
730591745
311776853
477637325
171919647
-1
129229811
972764718
-1
540681686
995642027
974828161
85782149
684345725
388805845
953032184
443559361
-1
714549306
865364803
805698624
697328649
833628209
886492985
519080490
704635487
625838611
439224030
289570025
-1
846987750
-1
579489328
758179747
-1
-1
429927164
370610305
-1
709372370
359497217
-1
808527619
248343928
276732769
402603401
586353179
718991657
506510147
679070132
-1
543984871
-1
-1
-1
571016664
376540449
385267399
984975456
932189918
-1
618664037
-1
938595673
-1
532303739
-1
302401275
688604068
852868664
421561864
507233370
267492028
879367512
-1
560267377
571786233
960027941
477715913
993231104
109020054
417997143
947743006
700005409
-1
434454936
832148677
-1
-1
960026847
-1
519917759
900540081
489342514
458636944
618544495
659816988
-1
659995997
627512212
488498225
-1
671920414
446357981
611681978
445607447
620400577
-1
662485462
762673169
951432297
666286125
491163570
527722232
477315524
-1
103428667
500297082
829190280
350152530
-1
-1
480833847
-1
252452083
-1
817789893
-1
742206467
305694852
867073309
-1
598651397
78543243
803439092
722146419
-1
509942810
610606858
-1
700332648
-1
765196391
452642392
782021872
606294425
237779768
-1
767024828
388710321
790577191
-1
980996730
376092811
531697269
587703226
868121796
332952934
739563728
694022383
-1
701491170
962563648
-1
236788124
705990990
475588310
470950986
209753132
789763073
983938345
-1
112579075
705322448
-1
564385950
-1
-1
-1
-1
269038650
657494328
995725541
503506091
-1
270674437
743981541
206221983
839327656
935689391
396952081
373386568
-1
628751687
857119412
487815482
-1
861337164
-1
477064171
939567013
982258402
124596549
374183466
285920166
659239542
722264764
449923688
904416177
886956606
228113336
131740883
599674311
387126293
655579180
114506158
-1
594082402
-1
663697270
785820338
-1
907815771
273101630
202176646
733318148
211001828
929798693
630387771
262770227
678619517
-1
974706556
844525975
566986266
221266091
717383941
531102102
612318169
677062333
723160395
-1
275802993
-1
599467333
-1
926559997
827183726
361417150
647480119
306202125
583131070
890392490
-1
682688455
795985838
926741602
529715098
218764406
704180169
-1
637491886
962878722
473778782
-1
911274725
223419703
844721902
-1
571605442
-1
941233546
754965315
303996382
991141763
971940214
626622078
301515687
-1
-1
-1
584522910
528010981
670692625
-1
446427401
599735435
869306363
505514254
964670362
228562722
242781971
913181196
235964156
595896499
906867448
433532183
912462027
434614777
-1
861480522
148159681
611762249
-1
321108165
517947853
790404769
994538611
923469508
310120746
790336401
516519362
544398784
-1
807291801
378150567
962787000
-1
-1
612510575
366974553
201553807
579375693
548844936
904064731
-1
315497848
654008378
-1
254832650
212971877
-1
533415097
519091505
700765830
-1
883043272
540687686
86212964
486209860
619190629
-1
774646936
999284223
-1
771444869
-1
712858428
810495912
143584411
-1
-1
681375997
794685225
-1
255352581
652120193
489948349
-1
287917056
782461794
319519426
-1
415497252
777704209
-1
699974491
-1
676321817
948843522
277033925
245047276
706134929
551633980
815634591
-1
-1
658018971
-1
362364172
751340209
184368569
535732546
-1
375566272
846286219
526877965
763934019
766750943
789447296
231581843
952710269
931612681
-1
638737489
-1
696758730
731159821
222019825
613776633
858358650
533335860
973280199
316097335
739965128
443631191
328063601
621821681
746010118
744194385
-1
898005079
178374606
-1
500099031
856866581
-1
-1
632646187
561025113
652168582
713698829
-1
-1
749761086
-1
526048823
797327838
701010763
194518074
798129820
-1
422877816
-1
-1
627751898
276232202
970489566
915898933
877607146
204903600
750289394
852017924
134629344
884335718
404392669
171575536
849158315
-1
424071440
-1
-1
594028101
470108628
437494442
828691661
185270400
267267410
-1
339415694
877185445
394860250
372039429
834108677
258151983
888705619
706387071
269414727
784851851
434077213
840620445
641575245
467629341
336825991
515123416
729726691
299491664
668285657
662772477
268656729
923526218
944488024
266269274
920564355
600201913
976952091
621221853
876904346
978348921
939443202
557487746
-1
552593363
658652074
243487010
436182828
-1
119207291
347506549
967537941
596153166
-1
161978456
-1
426774019
213932524
551590626
512850910
824387133
-1
-1
807266511
-1
626321662
831852538
370321153
492120066
689079040
-1
617222389
962541803
879892945
454563624
747635688
895275246
650250082
704273846
411369051
194250529
578458385
674991229
784057998
783576526
881365046
952165395
921319626
-1
625876300
674662312
28067277
517692984
611242707
647069746
532637229
-1
969672468
498433723
-1
840220643
855103352
270836983
142780475
996016952
947128593
-1
497039638
406873932
582347165
-1
617557877
904698047
635024628
844766253
919308215
664506111
936049059
924477310
810405714
780639661
-1
-1
157062323
-1
387236667
836924882
407315965
577312282
164394757
-1
156664760
274160290
839581778
639342700
779792868
465377756
500030368
775096395
994912404
888220643
865352066
801201943
512684701
382055732
-1
-1
861918362
739465968
726946496
228355773
783712993
844298119
709410170
683983985
486487145
419648388
-1
-1
256133626
398647095
819632060
824460278
991122421
292356801
673016332
774176324
232689852
-1
246234279
-1
840157509
509256731
878425139
896005714
-1
550111804
923956048
957671743
266655728
-1
345575356
417085598
404957854
353889439
801923776
384270789
506633546
500618089
-1
-1
530236229
328011628
-1
-1
-1
550170299
952542026
624166553
-1
906900562
536481149
661039428
714940306
579051721
300969275
105361554
499693092
810255332
631531720
886803003
600287360
239661341
-1
-1
533292592
349950306
913890815
-1
743895174
485629943
-1
856168211
-1
384490055
551169718
767644892
653275785
963108926
-1
492622833
-1
968694015
-1
806905917
501405314
716588157
555086017
151371200
889836690
429004255
-1
736944625
404693126
-1
-1
717277184
-1
810319126
637577286
505267126
249720718
806656285
669517153
437132244
835379674
589226514
-1
997299405
-1
706009854
482155623
129864788
-1
-1
-1
825878693
228769674
117031727
-1
586037320
812610972
634211996
916438690
-1
449854848
-1
878491776
-1
398166600
209614982
-1
-1
116796965
694866001
349914690
809326057
-1
211797068
-1
812153296
616603771
671979171
-1
594908470
309250239
970278928
559517238
887326788
-1
409102511
575864523
314097383
605730689
271486370
281324875
-1
397960622
606850272
-1
415998289
813092214
791114300
163278643
861301744
721479351
807993523
975826549
228154652
507312890
933423623
674790712
190308448
591840364
499621683
595933698
911481741
231486420
596495638
589734723
-1
273979601
598354260
377989211
431636686
-1
378239833
609650047
589418435
190884858
921558913
386843798
815837428
248769938
524597096
263721571
-1
907933214
380894932
-1
360341584
-1
201985364
554175316
904318051
279810710
608292444
382919275
401630846
259060777
725159092
467592205
867441933
341861288
849034819
714109319
-1
211600407
296698499
850693323
269501887
910988008
755213182
855042046
581438716
458353105
169521678
304412643
-1
855798833
951696106
-1
822197564
730445987
851232036
-1
-1
822653709
935650455
862307531
247121158
706951807
165240622
488071452
-1
422785853
487420920
301422136
564486244
297360005
-1
314358770
528203295
803772347
286181125
791966275
914897707
492350997
736489388
54483769
-1
436464852
-1
500399371
-1
906799310
979394169
815940172
583378608
816564225
337355590
695959416
75174471
905896052
670002458
859162407
190493895
420365074
495505982
-1
297848334
899091447
600408189
988345059
929242443
-1
858757459
660845087
-1
726267579
-1
792332735
310302086
474593016
861807947
484940029
666200650
894546335
631833898
835314775
859840224
-1
764753402
432089955
59692957
985361281
871634002
914859920
733971724
824151984
322111879
781521107
385236163
-1
326097334
644973128
-1
181426071
643790919
646247457
213382169
835825585
193443850
-1
811210354
611182210
-1
942821975
501539786
628205795
650630629
358442014
847162557
784378051
469914310
859164012
895241743
478650433
503005599
697365004
756580346
223358456
236427579
-1
489051383
-1
964412094
307778708
836456607
983079656
549371161
-1
-1
734426236
623547141
961218300
847732127
-1
-1
330741790
957248712
529451192
644899517
-1
863266989
954941345
206476980
585290695
164920915
329372795
-1
485873559
674752349
587337786
756680800
890496902
660341760
866991364
-1
955795478
505277012
650320566
922815119
353514249
126434513
401472788
-1
450013126
-1
395054125
637327729
556700141
306367071
-1
431516940
27835086
914462502
755883650
278103310
737639394
750213011
464779555
-1
509781199
787934983
712547827
723268107
678939449
913277827
316262415
458210704
-1
-1
859773434
-1
434086934
464494133
-1
590173757
-1
80072418
590661114
-1
229179613
523479076
828538542
362877173
771739146
-1
624872229
978603666
971973929
492358127
-1
922383289
520868941
525598156
704668808
267584236
222464165
476364610
286328482
197626421
975565906
384391191
-1
653480083
-1
551908844
-1
242115006
-1
859782020
695993202
505163527
872545538
-1
414100154
592749915
775196615
531917142
682381858
-1
723311305
266830939
471519826
430484603
235291624
505947697
589802230
504852642
679206336
951426804
517482407
212519910
-1
739158720
624034484
-1
671707256
781611311
477066487
915465615
-1
939040326
534367183
375823487
501810631
-1
-1
951323017
588672034
644125914
398293077
892466605
250771077
-1
-1
359566021
799515661
934099959
-1
489690237
843783550
-1
241314253
525067031
711721740
-1
173021621
-1
808828885
713530128
581870835
402774594
113822006
526074458
180169329
-1
967280480
-1
829619355
-1
923417732
982362686
259496594
596565454
920728688
-1
288054733
499630182
-1
160245325
284687456
617109909
305714984
-1
392629931
472681589
910298149
916054119
729126197
991789467
903463372
856080426
309207273
577071412
-1
579227014
396488602
-1
950434391
466969268
600288311
927123085
-1
-1
496774850
786795236
345429210
753393582
425508925
857747258
578235632
130871854
836020699
-1
840019640
333295421
921286461
936667173
796348755
332747505
611963857
878132591
839726472
533741679
769318195
767152566
695282357
705111471
-1
388905546
-1
809223910
803395088
417378277
984567066
-1
864446094
979299287
714834307
614750364
289020489
974329045
-1
463394757
309160821
353874377
-1
595415726
173410712
-1
421460878
977686091
990026027
662619114
690414993
914258936
401019031
-1
413404350
287939251
-1
908082258
735364599
572083035
675076875
818756444
845797103
303381062
-1
961552139
498245869
519982689
519684155
415988634
624243990
862777599
969790444
268811196
876081899
207161050
236002734
763180328
186526149
606459752
851858388
505271099
802744062
830793724
336901085
-1
715530035
815605161
-1
149343467
224056665
-1
522978692
354954095
518093712
350940417
958944576
914677609
826516205
-1
-1
168873281
783756180
366348680
766683091
512930535
315045956
948974543
883945417
932537256
766149776
410935869
825371339
-1
903645152
658484081
719946899
941572748
567524347
519262317
414743404
938776489
-1
-1
808787954
-1
217800586
726201316
923809534
949140830
520357624
765285797
974048053
326031151
-1
-1
685906803
606066242
934320762
-1
-1
-1
20470662
-1
-1
753561649
309698706
298847943
-1
882207909
-1
973303352
502355426
735028360
90520429
675081423
836130739
39954600
808392950
101562814
-1
-1
206667961
364099973
-1
905680919
209322756
252324117
392578537
575818178
636583239
608112227
-1
912485012
952680272
893500894
738146956
541337600
966969589
429440507
237445317
346791863
-1
700765741
605352776
411524227
203469411
-1
625878849
-1
704001651
873030877
610496942
913575993
436081660
878707504
338356189
669106767
-1
415681932
-1
652370636
807127785
-1
766493607
355942288
731366906
590635933
794795983
388502661
508880900
717916762
651307566
653972554
729775500
-1
895052275
137597700
-1
159185939
-1
579643038
801082432
-1
977385984
91404962
-1
-1
661552504
806856499
834183257
864822694
-1
533326944
-1
718304412
505862821
473046125
505190312
-1
802366986
-1
886282787
869128821
-1
972106768
283834561
568776980
646369110
-1
431606497
306520709
321990182
324344157
241752361
457809817
910989083
-1
-1
-1
768687834
948637463
461165760
700159092
773366570
-1
-1
-1
610701675
126388576
571606054
377361317
555501019
290341961
-1
811271652
647213277
520239561
-1
660808266
759272595
635501545
687925659
493812910
-1
285637589
-1
276562376
916304110
487529443
24827626
577795632
-1
-1
624741915
-1
-1
898398354
188830668
553994895
610075842
720887622
929761303
357166849
389134274
572738001
180326144
542796665
-1
793239977
835635400
215092866
104788034
255243802
783112236
251309537
-1
206282290
722809862
232717145
488284296
289844659
-1
787115563
226572475
657730117
505294002
-1
415497720
782379153
-1
125975054
-1
762353835
447324612
749965127
863512612
996045043
164794964
441814846
791900582
666530272
909099194
691101653
828894394
912038591
843817813
896742712
602538200
626730068
-1
-1
-1
314664975
-1
-1
282986981
571968771
-1
-1
-1
225057631
700494808
287650971
566882673
646608928
757110410
265911417
124220349
-1
408780316
392102807
-1
688944061
725931800
817953514
335619654
728678429
690666539
939888480
-1
275320933
970257766
987985542
331318444
-1
483973798
919260818
795336486
208722652
988589439
768628474
334489468
-1
288533207
609548923
753955316
870078486
822861051
-1
952643953
-1
663071047
765880297
984135040
605784512
941648645
-1
832637394
254748384
-1
821511315
213123056
-1
307356803
-1
581191318
174786221
-1
706161130
832086945
-1
959160326
236861739
-1
137996577
457631549
206000644
927282483
618967109
269372755
-1
284492159
266692717
821717964
869236172
-1
728419473
-1
812977631
-1
-1
363258492
-1
442822953
614390779
231565138
712049280
267738950
872171691
-1
837656255
206151930
675448249
615496577
-1
107397733
242196809
133452333
525253967
487945030
564157291
633518153
-1
309283326
-1
-1
464124694
651472714
648834045
996058005
254916809
-1
253281439
707114658
831617096
800746666
-1
884295374
979702918
307213162
553419780
-1
-1
899667178
706803534
424550648
941034879
889886037
-1
394251088
557095158
911216360
655202473
613797706
588182912
-1
994947901
698977966
352652372
145555808
882255654
-1
963890673
623498876
639801839
-1
631897504
818507639
440642724
119944738
-1
641550030
561001162
812050157
810760892
-1
661140004
326033625
-1
544713407
192054685
94771684
-1
182896045
805892974
485709917
996604011
-1
-1
529588430
-1
565318536
892111860
916052638
443685348
-1
786246351
608892004
993529742
803796707
648769599
461493722
323722088
125975558
457827235
882846485
611946744
535564827
-1
-1
233278332
-1
644308347
852940791
-1
273275288
870377404
718807506
-1
943077559
551654897
520473093
900642645
764215883
949738087
374014222
297966759
-1
-1
508257616
382434522
534704303
-1
-1
-1
475167819
500652052
520858284
348608242
750482620
772334209
839385048
727783777
618095503
617082161
-1
499136228
975335375
309520675
965561628
811167878
398885396
556270662
940307705
-1
-1
708190027
-1
832755957
-1
308792094
632254043
810063039
347281543
339315295
807485098
748305244
342839682
-1
686119341
889387441
835155656
734756035
269152656
681738166
730027357
685755837
227439060
274324228
341924026
-1
385094338
867156817
-1
-1
884849916
481565238
673246206
362032701
332696297
593427241
664106588
296644316
295436853
804613425
684057024
618096518
759759474
242159356
438773611
988834999
189658238
363166063
542347279
611553202
372687897
-1
282882891
305194111
211415315
339454018
670221513
930179680
363799334
-1
-1
576437240
685576176
798462050
-1
-1
299291920
364454681
925710476
654981475
393611591
-1
572846029
-1
264155777
296777639
743341868
484049926
115159507
763451841
764701618
818873977
-1
283142576
961135849
894878206
690920851
753604915
833817172
310941297
710794644
272359673
-1
629601589
998237242
271764454
630405551
-1
771700555
831274219
975741702
580431435
932870569
755529795
877649744
-1
613173682
-1
601684179
819084729
596396957
264072228
280006356
890999222
-1
784808639
622550220
34296356
408034584
846059327
732484367
820087186
958654380
736277591
659268086
-1
813690549
824304756
752120406
-1
892639963
583480501
389471587
-1
773975307
413805370
922671603
-1
-1
527802383
987743265
-1
906386295
142540419
771875786
677136662
850337318
307899874
951959254
337770359
653656374
794655390
941765828
386679800
262802090
544860719
-1
838393108
707669547
446390587
774316946
296386679
717766441
215670972
246178076
-1
887700067
449742260
710271419
703361171
862191682
516212914
-1
699509558
316825923
-1
932958032
923118483
719405128
370838894
898061104
163632962
204159886
973458743
883036828
681929829
-1
-1
622648130
277267713
-1
650527206
316183185
216931190
-1
673553221
60591436
787583934
-1
-1
442278276
113525394
605948028
724450324
139346920
623677350
923956382
906264761
561883553
920742307
209349682
929130534
89983449
602294119
247304355
303379766
470340565
873322421
661189289
872836199
365347631
-1
-1
348131615
637582930
-1
768444553
875359291
-1
970653877
531161213
935596537
-1
971645585
893118345
656427002
996922610
960934648
571814995
422229816
387520937
511665464
657334634
793455316
48187136
721348307
500523001
-1
787221914
860052454
581929655
550559377
735686031
748130790
937757894
720658410
207197812
627907762
492910748
147804348
592691551
267760147
640648384
-1
707095835
-1
894780781
543528000
-1
447036567
708126955
-1
-1
606701193
766226136
267928546
443502989
448869920
708737223
688185211
-1
847438038
-1
785036441
689012489
946821235
-1
911235696
430394930
549283842
735628109
510447310
50058936
-1
-1
801294347
843426381
963244011
811098606
487602166
309679320
17994666
596702059
520865937
529617985
-1
291747943
479357319
799475038
313705350
165101884
391074037
757965799
295480389
754164027
418164072
881608104
-1
944173339
891643409
712810775
439011872
680308007
-1
765683070
449798619
692522201
718340806
-1
107785115
565969857
949696392
-1
-1
-1
626441949
305205241
228679475
532698265
385429618
438096320
254847275
696016397
995711614
717931473
393253548
896987905
-1
245546992
159675857
650386046
958672474
367222861
-1
140266782
874415908
297977525
-1
885942782
851475337
489791340
235982049
563588195
161436366
509122374
590566353
659696769
623976830
862034757
611662784
669215126
807064560
545435668
710357750
978389741
630356118
-1
-1
-1
383458929
282533657
640532303
844503308
310404340
714278898
543881305
518010926
268960326
820464771
585031962
-1
465180364
-1
428836326
651716839
-1
588730878
-1
702003070
384866064
305809814
764189906
480342597
-1
356051417
146378288
934316227
984423117
980917869
163826299
936682114
570737364
861928784
909542877
350916522
638672287
651461850
278550772
934906667
-1
691721849
322707591
-1
716299650
-1
891139560
-1
780339477
693288107
-1
406247327
749575986
210005117
901945270
966855891
475705943
727856713
208858110
729306637
-1
266221827
982561303
566388538
-1
404229898
263703186
-1
-1
650525145
-1
192473167
929320092
260648252
668924792
790624921
648211056
893537167
704926696
958778356
999447621
385725805
-1
991777677
393407334
656497782
440790527
875280609
982928604
811850213
-1
-1
561492432
669013387
-1
724815500
439284199
738243488
934329095
628769346
592937277
893687580
737385857
765004233
756468271
570029450
-1
420768995
389618039
-1
-1
823226974
362831585
277367347
669345180
347258237
656025078
695913281
576307376
54183125
493814487
871720460
829126355
834851935
281359010
787719458
244359537
557952849
-1
847008873
522131759
992596443
699809437
866416653
441727634
578116634
970046827
566145843
515039893
164458849
637244386
756308925
963021317
297234966
718348900
520625333
-1
299097379
-1
-1
750580200
372661011
341541333
696717637
763717974
545430169
680060826
779563455
313282660
917317291
557438610
-1
745155735
-1
-1
877858648
808824550
826056432
997235299
531892233
481173270
856227243
184882220
747295148
474780310
272015945
650297191
-1
126227343
547601213
812128304
910226643
661011803
-1
342266723
240255075
350382577
720439023
479680573
535040142
540016856
660743476
-1
734421936
-1
-1
662251047
-1
858100504
313652389
-1
-1
499288946
615573662
-1
601512171
305515046
964056203
-1
-1
746185223
828630838
157606574
900323398
905681347
541285772
-1
-1
969438530
-1
932280390
777897865
222397129
464270991
242487085
856172248
837086674
480002831
905438863
-1
-1
531773111
916389378
498584267
788816383
946399497
509601702
595615349
-1
848307873
-1
859083476
593091739
74146349
587338793
598055909
514711867
-1
413086519
849448746
209265487
982803214
-1
796932851
788354021
210210117
682072447
302954936
914438965
737723456
393739720
-1
268387495
-1
941226080
866993279
422366591
939551528
721952218
751845323
280817026
838367899
581833215
386685771
-1
741094075
649552251
987302835
287887171
420962099
-1
669727333
-1
-1
847769443
799331342
670258047
758011841
-1
270422855
904179820
-1
480897218
242529997
578200161
306192714
332297021
991922915
322362543
961999638
482855560
520410729
178001422
706171558
873697395
919359083
450103116
931335878
484563105
553629370
680588216
620156232
-1
-1
178724990
894314982
523222368
916251471
-1
707190159
267909306
230155122
381810723
947613491
615828625
-1
732248207
467761557
912755076
800852668
509007685
240367481
-1
-1
864494979
370914511
498779465
-1
399149460
875960541
282118787
922799742
438955143
624925569
913189817
968749466
393674911
625485980
915329176
471388183
-1
703734659
188898631
605799886
964219829
549355983
-1
284368062
-1
859140122
742441831
579723634
271084909
642827572
-1
918261844
734521753
467383033
864668498
978441996
364060501
510353599
-1
-1
233461589
-1
571537241
-1
691816947
-1
619804391
810102898
-1
507100940
392690083
-1
267554716
439075789
97867196
-1
276940001
989340653
708412762
621666725
535950748
726368972
398148019
-1
357296253
544720637
555344397
841597662
-1
-1
972739840
947094460
641103384
-1
332575129
-1
51238092
-1
-1
-1
-1
214579818
818280701
605768468
224618163
500652788
642751381
-1
882542163
-1
-1
651387377
921444334
727451407
988019565
866346676
778386915
816805952
-1
754164178
761102528
542704632
730435818
965198791
-1
929143450
-1
326677096
630563877
299447736
270673296
430623018
391766964
963623486
402337139
976952198
866388275
-1
479048989
967597578
862531481
735166107
-1
888092204
-1
124743040
836603953
483791099
-1
-1
497903672
763259110
-1
792243916
405340863
-1
608791061
223808239
257558733
635948154
559814044
585608330
405499029
328181470
450175112
557666213
-1
470095895
724338901
269719314
807212282
140910117
518648272
-1
442107797
663548050
145827162
694449211
809798782
368615887
612927662
713014035
442947675
597858273
-1
537478361
-1
205993775
-1
849742622
340465507
426682283
528473709
525066642
905057713
-1
932646493
273861025
814058133
-1
-1
943436491
776679308
158990025
376563898
-1
966246516
-1
611780097
924336860
-1
217293953
186685815
975545773
937729441
773306727
758882340
212060794
-1
820061485
174836924
306038309
650919696
-1
814328337
570256151
823990914
872289878
301638058
351114096
614293287
765853864
-1
330835785
875346943
867100541
684607663
346576454
197639364
-1
955497515
784692505
-1
486623962
619063769
790350486
721770079
638867542
-1
453073291
560250038
287073097
460899113
346988631
951036290
183062883
807561163
200127364
942667500
316308064
751578888
809920491
288470055
987488877
304943994
606817077
-1
-1
450640909
292224149
509347351
691371889
-1
-1
-1
-1
-1
205676999
835723265
815784128
627616077
357904760
473517924
-1
274519245
875533675
-1
-1
693891201
927107195
353648207
-1
615556875
434284897
693320389
913951728
435424862
272472023
907753517
684931711
420363672
823044550
899230270
283791493
-1
975005040
234485398
597182790
724342470
-1
749136074
524107917
-1
593539212
229184758
109145486
130069836
649010707
-1
468624633
987103676
-1
590899019
107119817
237343682
-1
827354280
898843067
930803623
-1
410725425
370093631
531910098
580087046
947937267
947083531
928368029
716155353
757747652
-1
724054465
-1
902446656
-1
-1
569805208
515271704
375722443
208282147
613403389
819623417
544841437
876281002
-1
696544929
-1
210753254
518834292
-1
445636200
175071974
908082112
-1
536793481
-1
913329490
-1
677543788
355675673
-1
-1
-1
-1
255377486
781913106
546687721
745986163
951823053
-1
682100981
-1
744353096
115384072
509090662
-1
602699632
537389940
-1
235075910
861151106
295659214
304341601
649771991
273293672
745504137
-1
933708155
834754212
965778535
232035465
958472560
870326805
670906107
839882791
285411938
711756992
-1
-1
788296197
72310138
-1
474158850
480622476
876394241
860507473
-1
540989367
810554234
655603274
898245459
628749095
608099139
826731250
666633805
-1
54935281
325906263
920996186
538553483
558876702
561006256
288642623
484317623
-1
585922130
235963315
464014090
785015336
651556294
556392397
296132001
-1
891056734
789733815
865731110
330201397
493019989
890772112
642110279
866285869
962221697
490267817
231727123
765913254
281253699
393407406
-1
463400589
635131727
-1
483459746
243342048
-1
776152506
977409782
-1
900115009
-1
699126184
867460358
997966878
763084508
576137948
870714906
587757291
546410481
311460386
979355932
611312371
-1
447750487
927555681
510206810
127961346
-1
83061321
709680656
320273067
736654191
861825861
-1
667662652
611710446
-1
699255195
553439467
-1
719270928
875462276
-1
809096195
213316273
-1
-1
707775919
-1
717837874
79890062
747501583
638089824
-1
908014717
522265577
908974803
948000783
-1
450664550
617960511
-1
516106965
816835366
514992081
-1
-1
929285748
336262477
-1
100951826
433835615
-1
241582401
-1
-1
188663969
957394994
267210805
-1
462958862
533909398
617949362
439984493
-1
475600950
269694513
960322858
516094893
-1
655382451
376595197
134321916
134880663
-1
-1
-1
516573570
829040838
185088776
314873793
586627105
-1
277647293
840441117
322945426
765540630
163694967
822560428
608274669
-1
479342430
-1
638816396
-1
669456046
86549894
875319713
973130214
248415119
-1
646847160
-1
-1
549498244
590930185
657798725
895685623
864173532
525193046
244113282
528217030
463437639
-1
303962303
558072360
451316484
-1
704739892
908602205
368332530
328477581
300085310
478019406
740334475
393613578
778540707
-1
563259839
718136680
176747911
-1
579855660
897726566
606799283
295571187
816787922
-1
577034462
226581668
585388778
829879589
562559436
426946983
225846145
437677467
-1
240221802
319855779
486400894
552794013
-1
-1
442914920
283750416
-1
929040444
956619026
508311823
-1
811102689
879387215
432910196
882143489
944360322
718760730
-1
-1
268645834
864532010
875772120
562358632
-1
492714638
928294120
375884802
563874178
794876730
105889259
707387831
464008579
873727942
172366578
668302169
-1
938238535
549474931
601490256
548078892
606201698
740931856
768863141
911362516
682070492
406333258
221697003
713656545
915384438
823509820
194316580
-1
598510402
612804138
199271993
483869165
-1
883867120
779953001
463587633
-1
544786231
505481512
933394927
778972227
478809764
855339444
614202925
925389388
676523394
201967656
548468105
309327707
674166206
442247412
780389935
979106545
371317059
572339289
-1
221934545
471755085
715603337
173106000
802467119
626799762
497987322
950098044
276281563
914598812
924421857
-1
451801821
-1
576738952
143018625
557308388
754612730
643037897
883864263
301000208
513480671
600701656
-1
452055721
729823182
-1
943060988
788459795
577413979
471316229
850503182
526218324
640473776
798536886
516397375
-1
385442315
590329119
359352489
903000388
979958796
567706130
442838935
253483971
684058364
-1
899072469
947790277
-1
811014999
580128329
794368543
656550565
-1
768258452
58647481
884627395
370146650
-1
560888436
997326038
742987438
650328650
541007199
513448331
860756175
-1
891367021
272408921
465610290
79831329
-1
734349455
797173724
479784058
724466048
578804019
731766259
-1
832008415
-1
-1
917741158
550175641
-1
283616277
701201842
-1
898344410
528011126
-1
277199272
901603252
-1
291948407
406751700
493195659
635528845
634107706
910371800
853896924
279383542
395105483
243554278
541907540
310534862
-1
765366808
-1
714320795
724118892
846846785
985887446
486724573
79605622
631659781
-1
-1
761803514
730688331
832736869
271252160
693540853
55718929
341040242
246582770
367166362
734970967
686439132
532939861
478432583
665755892
-1
187323050
-1
493667349
901601416
954217843
-1
-1
-1
695617145
676881419
426496269
671293534
938819162
-1
832902041
562516649
-1
-1
283406633
-1
424730832
965402612
605739568
835203966
-1
820842431
-1
609859492
-1
573191514
745168175
655889553
-1
-1
77345194
555031910
-1
202637766
-1
589101390
931362302
143617576
859892816
964403623
-1
-1
172882206
837791855
305098511
-1
-1
533858416
110514873
516014671
507127794
894034126
556838458
794141818
480636668
609065048
-1
758733896
800802397
891711924
178565697
479254025
580909855
-1
913395762
894150640
-1
-1
907379248
905872198
773421509
693796244
757141596
403956522
502791884
299421030
588902525
206178464
58334253
-1
223770936
920954834
289250527
756243050
210809799
669445396
227935678
946556441
938333287
-1
569408311
219487514
-1
799407658
228862866
303743124
970750866
337001395
358916017
-1
238179378
223683292
466462377
527335767
917531598
852225727
673442732
202767483
-1
700670618
617779570
319116225
665211705
461504639
467122343
523803445
-1
799035147
-1
401103421
483483711
-1
667291794
-1
-1
578332210
402283136
-1
696794028
271566169
222033743
301538454
-1
568448774
-1
278642867
-1
266723513
-1
761260182
410218946
-1
-1
293943342
692458660
865925596
613926969
296819868
303961329
-1
558791587
629434581
554374215
990090421
993647819
444017885
152335889
605989512
271487847
981149740
470729160
729381383
859493229
918948604
785823375
-1
857120500
630149074
408029626
808960037
-1
542349561
-1
598073802
691979667
202626644
-1
-1
248356841
610775526
-1
242038278
374881000
-1
681858099
308439152
832541337
-1
874879396
766499980
468621498
-1
478310404
-1
185360749
566229884
834747319
481976265
231582624
940299042
-1
670474097
-1
642022569
700062365
456722430
316644217
753240634
712373732
375513068
435457746
556996805
962824483
550048547
-1
511070481
693061087
839973665
866125949
583659120
-1
863842338
228558507
-1
811757547
800591314
349078618
677856328
-1
346463442
587863170
839346912
612395051
488723754
717859236
862752093
588175550
-1
-1
295684253
806106114
267897444
-1
128928426
279032199
786901977
444067435
537387329
407715109
527969025
296433389
964754491
-1
551278005
-1
517672925
998397224
433491681
475014369
850308518
277715544
187020434
582831163
-1
918483262
428029000
537158240
710398182
465336607
913689403
339718318
235688460
668676660
279997586
346589556
579406780
704994558
422895086
966860048
682752266
336403418
54952553
788506197
983948036
683537832
282551097
-1
799804031
974117528
231355662
984402010
740440840
444629260
315704844
802683096
578116102
570690320
-1
778308582
596206407
-1
233676289
687294793
386180990
827959892
474792188
847576890
785189434
890046820
-1
870109014
-1
-1
526667800
755377777
-1
611545796
781241380
544124379
-1
-1
594511019
810103940
924801311
-1
904249654
-1
-1
-1
439034435
182571115
805923450
920489342
581368632
411003247
719654069
738968432
741487881
960006308
475304462
548656494
749915658
654952886
-1
-1
945896467
582699461
202084780
653880091
-1
150726438
814358788
-1
454387989
361779773
315833303
280275593
815026366
328453547
424314532
954288514
871982825
334614525
210920488
657238410
662920437
-1
813280175
621046614
222784367
577063382
683422349
432307594
640671905
-1
882547367
343443325
990775227
735692697
542221066
807591817
498456763
706495848
183639797
822545607
624828118
798236744
739706762
139035536
272532828
88834048
464227909
948206241
-1
717649840
216504703
683441142
-1
361945597
621751536
855550290
633697906
-1
838133339
314079713
72986177
483208672
622724244
827895302
935464725
928122596
301800464
322840960
252930523
374436687
-1
918657477
-1
990788979
815680298
389173895
636794504
-1
-1
-1
499306996
758867266
599782614
487651288
395066949
529537426
432395173
518106855
556921695
366672296
960523697
307564662
630280833
138947361
958956812
387086576
619892300
461937058
310049182
908547659
475591344
265251481
213277727
603293710
484138631
359572348
975061671
317565091
228262558
417709064
599745735
990007169
897695489
259514975
937844052
366982328
273085355
515315572
-1
368961148
479260628
421966337
-1
675030581
-1
781323796
401136912
337279407
-1
353361354
503064757
-1
520588082
755459561
812663791
22346029
644829623
362794834
-1
976455539
643113622
169103883
556442028
617363681
869778900
827698592
659155439
234032475
-1
326578625
879551661
803612751
644958704
554221850
216947658
-1
822347867
952833344
-1
663935762
990081903
599025222
886583842
-1
540610166
563002029
623004954
696616596
-1
414825877
148923467
524476837
430836453
739110477
108333199
249468926
898685512
304342477
422305106
397972041
726571320
618453545
282268191
148451424
598544920
-1
-1
721727420
875773628
959370017
751425718
699234500
917997563
-1
938692649
732912129
368985212
855136240
-1
352808932
-1
638783982
860224720
763394631
764506198
236221708
498843854
354744127
686216784
602494384
-1
-1
117589413
527342352
831506565
947984055
81941242
201415554
205222468
223182690
742228162
767656234
680292631
840374257
256154589
323195437
973243867
-1
-1
-1
835731665
696401179
310445476
578547106
842605077
335805523
395526931
374387081
827620435
-1
227893092
-1
712246082
-1
216298270
964640631
883848294
-1
259633785
717470840
413047026
-1
773747469
755097359
780309464
672625135
777732387
972530784
997474273
473522517
812221240
845393446
450052873
-1
-1
820174986
788578065
814405078
687600408
696378252
583266076
959373285
40792586
797016642
-1
81513098
-1
882028826
748274548
199386730
727288380
702351991
325720970
864497875
644782061
196911872
538572027
233723616
-1
-1
393476406
261824946
864432865
333110174
608968350
519594576
576916921
408274697
772048893
807983650
119386918
794400585
-1
436675309
559811299
-1
981756434
432223365
224693056
152166038
226363894
-1
891089119
789561366
939185242
971554457
-1
562656231
993225537
448758825
864605112
964401709
-1
-1
967367739
-1
786847761
-1
-1
490632907
54679402
-1
929490819
324942362
956858346
-1
669804582
462245316
648772274
199917513
574003406
-1
690397782
277860305
735014870
594261131
447518788
865870095
641144720
693974172
-1
-1
279485853
359397730
608764300
674715913
-1
840657998
577355856
463151336
-1
981438242
-1
-1
546956986
83946561
497332450
881921343
523354603
411146488
475299448
224473718
480808923
573405051
-1
-1
147370846
874062431
-1
-1
426428870
226889914
369194826
400988229
-1
363895840
-1
856996431
750361740
609050254
811098105
-1
79361484
613027464
539918451
825919932
891300983
427216785
-1
897077637
724286719
816467473
233037268
263172360
-1
179445190
-1
652302973
136078015
164537328
539271647
559213658
727840294
-1
808725099
219997351
625816110
988324371
930811715
-1
-1
322658145
-1
-1
527929271
-1
468211966
792329905
-1
-1
133536228
270874682
277233413
893572796
-1
-1
897529513
-1
324118761
734633932
828225296
309389134
424454550
559920835
361544381
161922911
869695971
-1
996407473
575946673
236502311
119104497
-1
760767167
414515872
-1
-1
-1
799341418
874442663
-1
572624710
495033604
688092139
-1
290914187
-1
243239822
643669688
-1
528419509
757373243
632143542
284311541
688672263
-1
826144846
312977893
346394058
551815797
219370142
497756196
940852606
-1
-1
-1
661078183
809855604
539567744
579706165
769107678
742180334
290501741
676843367
829124728
402074914
73877859
609158103
888333651
828070546
68271071
303438312
846596417
216631236
-1
580641387
308085060
-1
-1
910233732
-1
55721720
997535235
-1
-1
508116593
978814275
249246116
666180727
535514118
570251678
919056207
294250719
404677795
796045531
293651252
655231299
634146103
634244624
304561376
-1
-1
646833929
711969470
-1
755253135
260157491
435014978
-1
739397012
244663415
-1
854594111
599379812
660052554
-1
781668429
219118051
324577176
-1
653916050
-1
103091373
535037455
787199022
553644553
544192682
813356300
807365629
205470534
857946896
646327025
967994152
766665721
518091772
-1
737840939
979112379
519129039
-1
404434450
-1
493085875
411167341
216464469
516572246
670846677
306330164
400022675
550805958
274559737
884355923
663941045
-1
950015212
924724039
208355209
443497226
914018709
656231301
-1
906166766
528874998
746769056
-1
364773286
-1
-1
736742491
633198019
565835042
678011627
853610364
-1
-1
887429279
642733052
683714453
-1
553933842
574780174
918835228
895703326
858527630
997377347
825719085
-1
693786757
-1
975443628
864355474
-1
527586553
616214819
583977975
704227740
104664350
233306368
845989059
420718364
-1
822473763
608181358
793719062
-1
495172188
541791621
884723353
935427400
476233473
829999880
900682143
205585574
779929667
732744514
473260345
576989515
580905723
-1
-1
800044425
389086623
769542754
717852692
855665179
925917012
755173687
702970313
-1
-1
564420992
-1
-1
493066920
441631931
710922431
490305916
254275862
935557762
-1
685896893
920988019
-1
326160821
-1
576356741
767423508
146306757
817997049
792778264
246056151
936220002
816854125
297746453
235709188
349880309
650994856
591162576
963835014
-1
734966264
800171850
974912854
563853426
186883659
-1
514728111
390682000
-1
256311050
315723054
314125491
288269591
885301962
930794385
512903404
971596792
802607388
341138661
244028419
265860110
386082309
254996722
-1
-1
-1
256935488
775735113
928477036
-1
-1
684458871
-1
-1
635948124
227140420
436855334
-1
601193371
413215420
954463067
474824024
965138308
-1
818413229
887445454
800219131
-1
243431940
755565188
523896892
-1
778627163
592193372
712516575
237459663
319548848
-1
-1
-1
582860261
284391976
594765693
778098661
574029496
348126699
91706701
105003262
927734724
-1
638694503
601666633
747989803
-1
495885117
410973810
-1
933996167
979604791
431986081
463235393
625876402
702421117
-1
-1
246013088
913416225
-1
260837847
743476240
981973032
717710428
-1
883872124
-1
248736447
-1
-1
965265797
843171657
177218671
-1
254674601
975193124
464076680
640898175
952800609
558527991
785093612
870058403
273566517
934332959
845198532
-1
542625997
562958712
279024817
436043105
-1
328741636
57914403
529577057
77897106
764189061
-1
950316981
923336750
707569334
773941695
560304114
282553375
307481192
-1
314634450
92730217
994009360
544900564
415170101
691502423
571724062
-1
872587118
988174905
332339459
550408848
-1
128868080
696501423
418397658
662447746
675543670
871251018
-1
799292102
418918766
680733527
751027369
456754912
619802113
884393263
795634266
317667860
228910152
863887084
270062908
883494719
528264451
-1
567346849
858883791
-1
-1
495889500
339238835
787031951
527309948
52497343
669331211
657595274
857018849
-1
-1
-1
450036896
563912356
-1
405880601
537725710
843778700
817644933
274970610
993695227
538680964
-1
573629698
563856592
-1
490346923
506785567
763369584
914700382
305769268
-1
742844637
363105295
865785205
31670034
-1
-1
478161600
-1
868020350
769567911
716694666
-1
556783908
771625466
376532371
886423863
379862793
529530288
932652476
799446589
-1
508774373
962792372
365062698
264786522
693758399
760557089
118109666
943536703
-1
509784733
787754224
656345977
248282153
-1
-1
936317593
866283244
954687057
421773580
324747107
869369883
-1
-1
383601323
534187200
558384189
589030247
775378743
-1
539133928
607044247
739311221
476351819
786239525
892987189
391377785
239157417
985365192
993825565
570594958
360922718
442644933
-1
360425783
488489696
698934249
988938362
-1
955042921
839443287
699200130
-1
987958054
561737204
495829101
-1
572255337
489492654
822094437
468804925
503159404
599722707
628150529
371242493
864049502
286150657
706072426
907782392
421813791
853450838
268917507
363736875
609249122
328939138
812036715
725367513
762573442
757560726
950220716
310682644
543762933
-1
282525817
-1
369294398
879305809
482751817
821023573
522669857
701765587
978731167
821826731
261993187
-1
711662887
487513537
892701926
542309314
-1
768949400
909846541
307496407
684860778
753055454
-1
383164078
477589375
712311554
497446629
403042313
977202828
-1
407180852
-1
-1
530804749
482985645
727552075
913232988
169183327
798333944
262423538
329347868
941360575
537410100
499371209
881425974
609009598
-1
354254571
461199515
202457490
692024136
519198497
291704599
389832925
895860325
886775832
402730892
919315603
919512404
210548313
453708498
756420947
702709700
522325974
-1
-1
753045393
486594377
276563308
-1
577820605
891498841
807565832
-1
351703766
924796402
-1
659784600
664836990
384919482
596881243
507147199
365910309
699060449
994545752
623903422
564637980
359442807
630789768
923627616
895876733
586654568
214212236
268379943
-1
970788711
-1
-1
271381656
746540062
252624065
424998185
432926356
-1
-1
610339136
994443668
-1
560368753
302547874
393223487
154114630
355412708
-1
361523924
442716659
-1
938086502
242370653
659293926
524508092
-1
-1
808426916
688809309
709062943
-1
470422723
-1
954998658
922347421
517352150
750868973
234795654
65896116
-1
-1
476869756
346477899
105599608
645387369
486673961
524435075
299639439
790986549
-1
517338858
629686188
736213719
-1
487090782
682960762
637040628
964768965
698655969
693343693
504623431
-1
446342828
-1
460177103
538609945
-1
518237464
875464861
-1
658972572
508426636
906321276
-1
246459594
296671331
636717229
646213441
980909403
803232489
778526607
333164548
466105233
726616959
275863005
177823607
453719229
997430465
825247971
744908393
-1
938606384
606005414
185963438
596180637
778545568
893260667
338938173
852550784
618210604
-1
980777137
680331476
209845851
797402908
511523314
553862558
218381746
655590333
706555333
615735656
511361679
-1
524019461
304794297
513327901
327028437
913762041
692451090
740371273
641344878
532870083
-1
84976662
321523815
893009915
280947802
-1
631878315
825401917
-1
926492332
544197780
-1
469264592
-1
-1
872116722
-1
288521397
683390712
996296556
131580793
323245457
509063509
911283380
705306958
-1
309501049
-1
-1
281818066
-1
429364922
425652787
607439929
310075191
940730152
-1
-1
455809191
57769447
689726824
520057125
209047488
325643170
774872874
185535447
200795977
812967646
328951804
-1
883347378
219102400
864323876
424100785
446194842
541973081
-1
496792412
671194996
534715871
-1
523420275
978612765
472667856
629666154
989599909
970043956
789603923
400300854
906007483
831728058
-1
-1
839168173
633028525
503455057
295967288
773171389
893215326
-1
479634630
925335310
336595944
67599601
507968365
-1
566145816
300264084
-1
350317602
-1
626310674
705209610
893610608
-1
367250573
836473421
-1
186727974
670354287
237525591
465034265
-1
605139129
-1
-1
773489290
322694136
610993624
980285124
-1
-1
293926723
409176880
422342788
575627508
722080787
235232784
-1
-1
307303761
-1
491610350
-1
985184058
291699742
927879590
714313301
-1
354831174
425973912
-1
-1
826983156
-1
812186692
-1
332345198
-1
98317425
-1
386780076
-1
117412261
309741935
480682350
-1
410709332
624467373
468023528
514228805
291510547
-1
577400431
142753291
-1
463817101
620422205
789861354
960715679
-1
711758775
700728192
902797636
957836098
-1
684633542
-1
-1
-1
795408684
621302974
306241201
789383786
645138317
702033900
221559410
609694706
266657738
520055608
819890761
919390381
552202363
592676728
76400511
927290538
183954419
92319072
37449847
-1
926945304
292920994
-1
589852228
764177372
690348877
593865063
877567463
698973174
448001035
308033710
909202284
396711877
257874957
-1
119205353
416149488
377397205
547504739
318567092
998599468
-1
528112358
381681771
936206818
342050504
223554558
237181568
822331625
504687633
239271403
598482505
662700021
-1
963161958
-1
450985289
887725586
441132973
778598414
-1
283366013
-1
895661859
990628600
-1
915919020
559574641
640131588
923932428
244978071
-1
869563253
528875084
486331982
953383570
-1
454647758
-1
946899135
-1
780529302
223358155
711293279
879259843
302864360
337224230
875881132
-1
771084469
254013378
343500091
-1
840877824
953145283
-1
725287607
976631704
952864598
166042110
235035106
883961718
-1
748091819
-1
319736631
924649687
-1
101725804
874894176
879535000
65642243
811001055
937446146
671897604
806069510
-1
823118530
717579568
-1
-1
421609999
-1
822103853
636050502
589402567
739378650
704727381
498698409
351641652
610208262
73941308
498974361
775093551
-1
554886695
197625292
-1
301658234
722962127
787776957
157919097
914878838
110262002
337321198
685133420
786978608
440078600
970858728
958712221
780881623
672783733
819770903
762575501
396221042
686139522
684896306
555718916
334172630
493995544
723795070
866101293
711278343
360325939
-1
-1
818909557
593363423
289843116
308376371
602931711
560617599
335945008
438985951
-1
855116875
969044484
115331752
515717175
-1
-1
323116956
966409694
457081700
54401572
672467087
993389320
296924690
234484067
972792527
796014200
693527668
515555017
748348694
695704618
797322523
786164268
-1
327591481
836284253
680569505
185726512
832718684
676612540
738709208
814246914
-1
-1
233065817
841405740
972893333
860341504
-1
313822868
529074075
222285547
-1
398239210
559312786
309247932
849424531
250100651
930491475
452394576
622748026
-1
682753925
232503910
669266250
827660394
261709466
546927152
623342470
807352225
961549733
-1
623839665
-1
728425854
847451508
865111306
833078968
462001049
173122284
407847113
-1
187950039
177868576
615159625
-1
343040905
625633562
565452345
296511650
747216488
-1
157269607
658622385
752425277
756300666
430670203
635687478
290115555
-1
232311944
919395586
488579395
539477393
318695477
-1
909188190
251670837
557090531
784016629
-1
897227467
443354213
653988084
344468924
794955995
283149745
758606919
748487813
17871766
175748545
455286741
570589950
433752988
-1
-1
348002498
-1
944712139
629150733
218343782
947288644
249976013
-1
575390339
323428863
52755341
520514823
-1
308684644
651651006
-1
535418351
796543841
564822051
515044761
249774903
781616420
858993510
622491966
105504294
813029743
663173615
339985965
807110279
513062885
281143044
701185819
800376432
890733321
258589175
199109400
323657018
515479978
477746595
934638862
974336620
903398288
731728590
937883951
970518624
461044947
295287037
202428756
480546116
315965464
439477984
271427895
-1
884778192
-1
821251680
77321796
745450631
416325050
-1
311412491
290371045
-1
287123918
-1
952956701
860504313
-1
-1
-1
409534961
795138699
-1
-1
910434182
964632775
-1
-1
506229921
380283943
311456365
949839191
859955856
-1
482303424
637570215
266702848
761243323
-1
747608818
43628615
794470526
507305185
439976933
-1
197662463
994904113
552317787
230729340
485847215
868014901
455862630
-1
-1
858677567
965908462
819731538
342433565
577871740
913188242
452672542
835000269
529707106
586606595
534456732
529527767
-1
536669999
384083238
-1
511326775
518192080
112791494
764286663
268859081
167227768
-1
991464489
575272273
-1
650050925
737253535
366105621
403528681
682894505
429263203
-1
226025021
-1
-1
-1
777310907
915873591
