10000
289995905
741849327
406062632
89554655
11555023
735951516
131488419
766161145
53158948
739446228
521583210
355015156
63887133
334403158
225043885
387424122
860077341
410389780
802991922
848445389
131314616
830675330
629375161
504579846
809462821
856372701
402515299
699409833
323552688
368766551
358115192
40976925
658927777
115527185
895809715
148342214
97341946
102301745
284635593
24236047
345061437
36876644
900452511
421708321
273118865
989536611
490007509
737436412
146857679
108259492
722627630
613596421
162765785
631183667
538379673
938481949
389221797
41227256
911579766
952150723
692719685
883261317
177473894
199363016
584735483
855566454
301669330
152587298
481516474
170277528
427582422
571383707
34866466
349386037
268692847
592855691
567757797
742425035
693109788
475562188
368137723
374262315
203871153
556914216
811113677
242459848
809109340
808908813
721896336
998112688
960328108
548742418
919240980
757414136
763713850
309611336
431874914
502252555
887564561
171996041
505263561
857336414
672388913
952806180
518503664
793238756
359621279
159076969
340315403
247281958
51623992
320104523
32756272
772876092
529464523
631636778
262725973
687688029
260748099
455589647
907219545
65745130
188803888
519666513
621742932
304245188
197993117
16018996
656061214
629893171
432124032
360475569
850463686
952130751
643583547
509447955
415238758
844182987
111204666
359431204
197561302
671934331
535073572
613132434
995960786
468417475
322840460
365575412
753959262
534175471
832521733
807182994
73090246
307287781
938263523
432524587
219292844
857406076
136828290
633773135
545355064
250889072
837207621
897053701
261664562
460800766
35499155
150738986
854747172
417916447
879421659
66933454
427248784
823339032
999826283
615008109
129061897
999071091
798681649
851636664
462966416
38058660
862982028
309335367
696159156
934973257
5096553
707882821
407037616
995008229
178674375
704271798
34887627
552495873
263255462
31560383
985684622
763295714
658802870
542253010
467431473
762344118
719878596
270820299
198266877
312353096
154504313
40022723
819030148
334380208
145811670
260721123
785985140
648138618
298461313
33970906
320872411
469891981
913902124
132930479
909945267
669324390
870966797
199625408
122728967
201985771
646673986
451091139
272285869
823521657
178298112
767246763
536739183
509211373
588320502
300370010
452967908
465895554
71390807
960485004
772232389
837771789
494462914
834260348
254747047
844290519
341238190
222437158
299504634
103498891
758353075
654124644
752106938
241688969
497490574
920761938
904877390
226663248
987824304
609966250
567844366
894352408
520128613
607523805
587243731
676695176
272209382
527031763
736838433
929421009
126548185
949547657
75678950
357396782
337437856
388075335
929371898
279333202
158413229
409174193
101919517
164381799
142271112
497099209
518871650
816453631
808400653
553378570
337405363
300172243
434429724
301659372
44838088
385933600
244831696
500409474
899643143
814883198
628615989
968200978
399910006
722206912
177030131
755306063
306387041
911631026
929746973
259430167
842099512
89731353
772796265
487927441
216926623
549870554
733037759
90965973
812973584
581963334
315800787
49719736
337812371
508254256
98475514
327273679
228633581
448836234
408611929
68706503
648163669
133562348
164354535
836442414
973180200
740981013
157992078
538038490
972034508
80900085
418928388
650541001
873727936
570463200
635504610
999590081
974128289
520098010
626340448
277669222
511509498
666369752
430974678
179315113
449890026
284249046
619412800
904804065
315835558
964908805
682785288
551417960
162624767
753970861
30472987
161682703
342830930
893648505
870177607
654821853
767895415
155922594
38643631
382258971
327192093
879389850
483668028
304292370
456402427
769109780
84348517
952886702
589656725
787687798
249625243
146974992
719869938
208800333
373770583
580149639
849241508
95809914
343955606
166239770
964463907
228726169
294164838
791521359
359262489
461900779
486245907
390468245
7625894
215387627
698004350
48547812
416250579
782685115
663951673
552970923
160843853
484128279
334465112
930105427
257587302
860939936
223300010
375521703
524784333
981701561
464438392
587925014
65891577
393690125
438077999
848219152
769203032
104233702
979073442
523937517
172440464
140194398
44591027
851775585
307723091
444671879
1080564
489246601
388351466
156286057
270286213
599840959
196785466
133041841
961625102
20255566
423240691
584478869
786767270
470982435
955454509
913097157
268060444
159320417
871857761
972765648
9971173
611998660
715518839
583106206
296880105
668225004
969298770
310245723
605087129
472923889
89422789
471362712
48357958
330444107
78776754
275680617
612480144
725550453
815048987
352211081
232885762
606804647
23294415
2804370
631193832
938700034
187534617
503933926
478206857
126396027
623862393
923627181
300471887
291413436
127504422
303027783
997508850
718141570
795684702
511815437
695808744
226320762
598266509
203099674
458836164
299899373
921058715
669391162
279067692
670358865
686434987
237695882
422022727
77976252
744560679
150986322
270407675
906410688
657245997
470054600
54163002
523557311
376640295
730022988
907633689
30829087
355838577
266575950
662716721
279895660
219529442
722137714
84903055
25837869
934441149
624920743
694260170
852145372
307820282
8475389
585675777
498441406
793461478
248285626
134515404
837810024
863669334
787803220
402327538
869320866
849509938
37307628
983234964
169202962
220037652
758342509
814582489
688782824
620447706
821046567
127190840
755506658
463055551
849879201
931615879
817035673
889502465
523640966
385715697
312337658
749794166
927773256
407745508
361812861
464745805
204018375
770686503
305796298
743026046
51105954
917261315
871889110
316662063
430964720
916196746
171073178
944293166
399869863
504819866
33559911
126988233
838382430
190999161
217338298
389868228
331758830
900508110
407880895
547758128
795006114
881105942
680073393
175445705
438882598
384204417
961444695
290596138
969024556
261850060
503710116
949915252
219628563
373131538
171454859
955696236
60900385
997200457
131370978
150401597
365255108
686946226
631827954
212237226
841054109
77516019
724985795
224262158
249123963
781349282
499738651
546311445
38806974
662303056
902220768
68587315
204695917
951664879
998967388
82596628
138706708
401371997
850397399
157131408
26492344
530498542
880932040
143288833
410044378
707870140
796286423
520288172
427986666
145500967
644121187
541561400
58758207
565387861
139015406
991436412
288925126
258998462
735126266
102269076
335833557
300395099
305952938
754892158
685441468
672954600
463770114
899289857
912976094
862907125
408171743
664362156
159367973
549441862
209235857
615223067
950296470
544587159
758008954
197510864
773950052
298489453
601295408
299678494
558910933
323144025
172989314
48240824
310111310
937861381
51848482
259286912
634253180
370407662
705061251
234231915
958479390
316343816
240377
258525127
606466878
36644844
342340574
670933123
534597321
283734716
781222095
771689460
462257186
985035603
513296226
997101481
646546345
700361693
84762428
859743065
463741798
755630629
956719432
963667165
735513154
424796263
632878783
816206423
93822371
392538612
152281126
864496019
933157070
321399701
427744305
842658668
570835007
100672586
621586357
820917350
265812543
680278792
663761777
366777566
691809852
892953976
714885565
486633699
259904124
231293461
557155400
514100024
799763060
401693476
723554987
375717395
365139578
312133213
541094380
486525589
841776126
110558960
487926487
725779012
163598107
182897999
83220799
198229530
851052315
138053163
542637730
856830851
444027093
719020814
256690346
628200144
505177739
809064917
196078412
705361103
911527296
865559103
226798345
179460880
646341899
738713282
768602091
321766417
247104134
783322026
366792813
256961323
326459305
301012629
587116417
780137948
829147870
336637072
793261701
108917253
893326765
372720517
181335310
600709279
612291788
629266620
582310153
452014036
22098473
272421871
544541168
690054166
166865413
286727394
76051955
164462246
499507389
309698016
22682972
183891159
994189783
97227558
100206838
631056090
422165870
90509069
388867764
28086136
860043298
480445664
181968873
742487185
994291029
269136442
470055205
512433439
607279237
105296334
381390032
166763540
232202616
293916458
971545402
467428956
798777185
474549256
998630267
548604586
266122720
382744959
580113405
970894311
744473505
902020977
574036921
392884844
340347739
908782733
25970465
193365660
99552270
492269247
696442948
890834063
304933190
673157938
497191311
783475362
978051915
349041919
459796451
173010420
998567817
636535790
519860004
830730999
440449046
81900379
654658765
244320931
583462841
65252540
496448138
995288468
526940633
386666268
142265110
402944431
151413696
539294933
194651022
176626456
116158486
910593799
332688421
195846989
866496198
923975820
523976155
850938553
342354749
378936122
158829352
971723003
855321132
859631818
588622433
710266117
638352485
430691168
795275322
61425086
426559163
313707000
794362734
273543145
113827080
927900184
77471530
880562503
378127689
628316870
17200893
656501691
243204996
503948421
516965081
898256888
617675705
17622143
19005316
149348712
606274813
68690087
586279981
390298867
435833739
938678653
690280595
901256251
337135753
477545049
256483635
434129154
736192526
594500986
558078237
530589075
690607041
742293974
372867313
736298601
423350281
247701558
801210718
560703583
243889560
382628884
640828273
234102764
727671210
328830752
944709348
437451821
278353187
788789565
110568620
680868439
734986946
828174109
269329816
672563687
777540107
937892568
949186079
154584518
935071602
249894063
286451348
137685245
366626992
417446130
861967323
505572989
249776685
23916269
334085472
185950326
244692892
876019473
284500838
12224781
389433169
365157815
852610679
439640671
588565604
89080536
788966751
332679871
641981820
903551161
244274661
925069386
437989734
782730125
12689541
309991521
205964481
581152834
95810304
700018674
916919018
705297625
728181842
115255056
281166795
47697396
105450583
635084822
270252870
950901898
317627397
128646891
949898408
600909379
378563358
489386073
435111970
689531621
807622883
920446670
647849241
853883622
55939673
742814254
285122429
683139827
623538005
83136509
422390697
515591271
726808820
984756144
521249164
109728322
916107408
531156683
685036834
194969675
454407005
778885194
900940801
376346557
838684409
795551960
804040163
307904819
543108690
382403640
435620675
259473590
767906898
280531336
1633193
495845475
276670919
797961339
342606760
11491365
374911937
756651026
843508521
242032748
461806856
787804433
584834900
544802612
87585111
547008968
227217036
706382995
526844636
167247980
977848364
368913986
264254482
54556494
456173497
66761681
572137951
839551248
84744669
980789631
606217748
957994324
651986496
932086255
215253851
512553024
142266796
554308336
414792301
224907301
446703629
989196903
29313956
198824183
89288350
999700280
736789074
787107865
817690373
136019126
811550808
142560575
779814314
294373268
92249553
798198157
725078871
234502354
500121288
607941943
515912727
4306475
181865174
802517434
986053249
411430143
534017068
252862977
125780682
347120989
280720887
50880829
142952002
398870096
507628060
863433291
224307380
493537470
104435363
55814348
379132261
295247384
557594568
145141522
482670430
109350249
976114267
44443460
261730988
574494838
1916713
284399221
615424553
456537248
830342385
759856968
263430318
680019104
663940041
547821812
365782488
238560362
318109257
861557029
555391318
550814041
557043811
177690868
420158099
319936288
617668836
699800620
640611669
921436930
727839300
775228080
835834613
559063845
435328969
508905247
515898610
715747895
459597033
243314122
236482573
540975035
686950874
666658634
793615127
909012131
943836355
442744349
899895330
538002168
634285220
950397590
609941643
823491968
410703188
862243743
113307618
860109906
958336485
31361957
249002188
591022337
627951115
451545454
369662530
359892483
262658657
645880743
339513295
116377820
221629403
824001479
98504131
403759159
627258217
903743368
61852234
466150209
899601512
359475068
943426433
774855803
813605757
894487176
878876702
481836927
736496483
362638115
734819678
365447150
464081978
357644207
48072780
420501843
121094879
459990341
737075836
887972133
133990322
35652389
860747128
490861784
517219610
883589004
448323427
403535164
679995333
606282767
193444588
732937063
502847046
529355283
644939499
685640163
650063065
436786303
145868502
837138249
258586884
726078023
142076327
874154564
883128039
320765770
695417053
377751856
878934650
117035170
808491945
439391506
254436555
976347284
788653822
981386585
389489398
108681347
223181570
587575314
267608179
451584386
683818358
786417973
392951071
11107536
791174178
356219466
524258627
23335631
645990643
430586358
369524889
643320848
874064150
424585590
490584173
858743385
981564240
616807167
589250368
432460379
453832884
443509966
455261422
839287368
779521143
629381623
625376025
900403094
619679823
226433906
477270753
490364469
39461614
279262481
951571295
89213408
368718662
957068825
439170225
697663912
275220191
847830928
178612401
102441629
16621108
7762849
483691670
270488030
50778798
902474848
622606806
222356667
61059451
505836795
886023508
570830852
443206502
290591971
289074583
903765223
844982789
3525167
570597669
29234459
963445685
776226750
511403200
63076927
219950194
566153791
764180337
481177182
276942496
775846714
437543136
438237208
797540510
817586783
657737186
282391402
575033956
314925482
520228482
478475493
905329111
405254075
165328018
206086928
220379054
778044007
606273551
644844043
204218728
633269418
415015064
913077754
8923784
665001259
439500134
369549732
12913769
697918630
855104295
347442555
800585146
439985963
574717190
115413052
946430974
218813899
360036992
331946363
782480140
321922326
706492220
123814616
926687909
45444597
844217740
235054858
695807112
925507197
527582765
423426927
130479559
825709003
266712847
588339847
672666796
710451210
300805215
842571066
797132945
961515872
441271041
742871365
873623313
897422246
435419446
443557624
877063189
599363109
938036454
608488788
255959459
67186102
375046590
205029657
159027781
424236876
276847330
798467321
278482330
921771667
98318317
410853528
263764127
143232300
864815553
820741256
184594439
634987393
597776395
20517108
521477238
125051569
921506166
129637610
824772354
289764205
568082825
470970872
657090894
987134137
684631486
860907112
190269939
717671037
603520915
95909300
448969181
993266213
574606854
475435134
331150947
832791614
65467836
194272676
851838968
86151414
565615147
399891350
877434774
8790001
548115434
888215160
876418051
810188513
965241116
475339799
202225855
409370526
688528636
208359849
735983731
451612621
42059476
727179569
608456540
910282610
793980059
141841245
500698239
106792229
365238473
628787268
178622166
780445623
165907652
435823009
147325212
98068993
110440417
566330792
802284588
860468974
903777130
586307961
143238562
411477349
308450491
839554981
319101072
746446688
189217230
257612933
2408421
52937693
925810983
182961207
574313775
626450541
831197340
466029437
1368266
816978547
72366959
32744871
402298953
848986247
423587763
362835624
13622944
532782880
2375627
962268713
663459202
67122268
265699952
995483671
899203426
214438855
615584866
640297158
25907730
131052154
842483532
527315
432946595
802724002
24049267
261796732
68125729
738206864
827704866
716672718
621211778
749825504
402391415
879020513
474281582
22606694
738741711
630066943
343955226
426565439
710826077
895019657
840107544
654119664
951014115
334478636
279226210
273999982
647796766
609260185
103929986
150259235
117186298
176855914
106910670
422527948
871931608
169836236
554658704
775191820
392158722
596003834
442258106
467250291
615189233
214650509
208929485
10514831
451745791
720994267
419653367
829729381
823938391
249410393
70994917
643426226
143720749
394125294
986413837
351091116
585030470
765848057
344578401
444581944
319414630
83992182
426540709
130848642
518334695
377648757
496774275
161728696
135283091
916088340
454613168
602989177
263013818
674560811
658355020
998351179
509214395
252036279
135997625
300116923
712530197
271939006
150345616
49007367
129545826
558027709
189920537
866790191
325449197
286098455
39479875
178327192
451095328
419986033
582436977
513115965
146260371
28084861
402956255
758790030
517809137
57145185
236159391
931070242
352240760
937126287
255029605
229306969
488009841
384409988
121315904
756935128
229385329
134148058
510615076
705159495
524289961
491319168
162998989
7260383
600133941
191826953
508459816
701723792
39501978
868712813
410180659
7322690
575191074
454696542
124726052
110361440
592695181
733015798
81883726
988465554
87672918
92111992
392991818
911356915
190936319
662866239
948843210
739777118
830339660
847325216
961608250
469800032
625249143
937940418
133495808
267576183
784156613
21727377
101924487
38089501
955932426
896032310
486285054
208546422
142263152
574532202
209136325
177419961
819639916
141108995
305217071
829405892
341152198
155533725
160840468
555318550
163718405
933018296
559288326
268152884
800338817
307143921
534317863
521140955
888128702
257765396
799915212
959245041
930721865
28697185
774957380
48274685
408915232
694164059
422633339
968861002
293808779
145949866
883278158
895831747
127344801
996654685
409623170
758674128
27987470
209134503
688265977
744461434
603375518
731689829
396252838
953672741
654291984
240482470
129013493
303154976
569522108
167552939
516714901
18835445
347731416
720991557
905931867
26588072
681362244
982442521
269071357
854356116
68529929
990839092
54568388
33896953
373046686
523292026
951014641
833818434
267077210
307320168
181354889
9382779
91456196
784707549
302732037
11261285
580029399
187976762
446563115
739540059
529205939
525482127
704410664
449800489
223925411
828763297
376398317
243639439
653675219
980477464
808761055
340463269
230306447
449410550
195694462
720142393
984951661
672633911
20751891
251600694
357718368
192653439
550911437
603237230
689577399
840233481
416726158
164183830
263211179
785285117
11154566
718506973
504495361
937345474
447665506
281451641
33987952
74606189
988598926
766008527
411983175
97616839
369248894
390286518
38353097
352351229
545756910
862199114
416753057
772769153
767623930
191398169
530911609
271537544
17469035
417494361
188123440
888858121
945997843
735532345
400993280
691124345
674926602
696492101
506880336
177042400
547265931
666171917
524712129
164780076
240656828
843758468
190473662
815057506
220346766
397386891
509400419
49248593
606910923
723187460
11814553
816980521
30209373
489468729
117091537
546423716
773647434
674451935
601059574
187243700
601142959
751360040
727795033
769937256
544691556
858622372
115825606
139826495
797479915
871743975
798677417
205868277
148458833
610520728
576422069
920755033
460644718
880890343
459251570
615734315
340613306
406158147
223693780
350775748
735291536
122672401
498071122
200444053
630287604
44762518
14106234
133286853
60640577
145484209
356600406
48859762
332656925
469630559
348143066
906046859
14798471
589367825
715877878
636025659
829823076
251914889
789642939
994876254
677127555
670463119
49187687
534185224
259484342
370081984
185917446
904304244
728565431
180959848
951088403
599418569
353794889
948151853
641707202
58014926
925037899
788123704
925901728
1906222
242497618
144021361
933169187
686410907
935787893
342298214
461308487
131387155
257698609
625073642
400824462
395937523
27060024
989984985
29633952
279560375
412368225
904686998
590386044
255121533
743166882
592088174
485667646
287052639
813755888
582959000
628393251
295851690
764526878
862802493
590740375
647782807
639173461
772614325
612813584
745634487
454243779
170650121
888055126
721405384
532231120
124337347
194668568
188345273
235946721
720809289
460241840
263638691
445878355
704892421
775883527
148808315
193614942
883536613
862679349
423752881
857323901
830478297
426685839
674260235
89301895
928330180
827402061
547030388
282674688
613022114
519664567
988106847
131708468
417594985
591164194
799819144
279422361
301198551
103618246
483394546
211642900
528737163
968253784
932085963
359911557
273538
768851933
129711855
214637936
780007058
332124032
309902178
857082597
420973281
905285392
642016457
108881200
302853286
483472109
332205242
651462827
372673594
610715690
11700956
343010892
354569800
10309903
982668720
685685151
223292965
590892129
310522861
548611843
892559612
599452382
882563103
994269199
978626308
692073892
75245659
570160337
493742174
38557200
255098064
525428471
754073976
284746248
831380664
684346605
611692249
916324751
282273113
159162043
845466727
293905089
753507657
981874697
304369949
3178477
889429818
104426901
393479937
356647948
713511809
360628749
913176725
292482264
962259027
291449613
794145257
836356152
157529481
875130480
15332974
162541908
671427909
985118076
949959797
321199567
831058343
363991571
756072711
345912744
512093050
317936848
326413605
4946954
259676643
781652738
279803513
392964377
187123750
410248951
110711121
907146406
820800186
812607894
585081022
639490162
155801342
650488202
142007859
5027252
611031113
622230355
982674546
528489230
882365316
373470367
18406025
431255233
897655207
825111538
188894951
406625971
20742204
429614601
260339740
7680797
733250122
914988811
431353701
91558334
722467761
64502384
145070497
34685289
709993548
510213567
923982599
375958814
409548104
236183172
121037748
133414186
615144458
368904877
435538136
407876503
593349440
732979669
746741516
455765294
396968390
602198080
428446219
894660397
517883487
15249238
44244970
456048673
462737549
474060625
362457393
398748020
255562529
525676124
659142446
130000389
910705258
418269121
728040200
721354342
262202389
325149835
840763477
524791045
219995110
948013585
119554219
692840428
412412407
952742445
981550415
923021521
554421847
890649481
97386516
525186109
156894241
14116419
500889405
618064033
378345254
877327333
358308884
620695382
797818160
206054510
405109322
334608858
435016002
202811576
39479357
345576436
327126417
920894574
502469221
571177157
667953613
543385821
671924527
583593940
595739655
649368777
607187995
755315498
437528117
259193422
14829488
450241146
330135043
842513566
146549226
184441055
21553881
980098271
870055683
533831965
151151761
237492261
688711983
186968896
802057514
396372352
329039102
17024181
143899647
588141055
455703651
568706182
219297649
91032414
344571692
859610681
790432573
154769932
813490897
295416472
288709726
999098230
963857945
391181457
571695681
244029126
121383386
37690874
661568903
868112938
934019350
704288092
744856035
823068550
810458577
762128412
797636056
846735494
422486727
615288149
708310704
301753421
67386840
71547586
565846352
245775921
608073436
166531408
465553575
64651227
41606916
720875371
107910808
418619838
322920363
510432147
739650966
916903193
891382590
27552004
943990985
341956310
339641804
623966432
716246339
539657181
600154396
18469125
97973590
678432568
301601757
435434229
955825775
211950220
981044179
170319900
680995993
600870451
720956676
893073623
38165344
351855338
394066671
808321000
282495145
117554237
434697349
728815835
789681900
385492309
997407046
872073520
820350728
980100900
955993411
355178161
640872001
664570765
668376646
37502181
72777091
332126704
654709663
609785391
416210885
698504183
673280998
750618620
675833461
745611651
221137189
141084728
604054334
654001006
199606665
283717939
966364721
151906353
919005384
725632149
781642841
638757204
126808505
973524974
432795652
32981089
807664275
940552443
528319178
723415178
291158363
204364864
267649269
653363450
332844892
894919124
973416228
644594282
410675162
803966685
178869390
675766369
245741697
240410020
55552221
13671007
920173376
587604240
935361398
984680097
24955404
291771971
202317994
818126078
503216327
327487918
292556125
227600297
332924217
238295639
539605985
16657351
238271492
802171544
405708383
761955035
508603148
266677492
919474181
689478519
343918468
802394605
800520670
718366746
404777618
806590801
780701120
384471618
129599627
373432465
404923707
104812846
759385916
484768049
515054095
81465028
980935333
744148105
259088043
407533971
890576580
227815345
252796384
407701062
568403228
86823826
921209208
207038657
827389525
254839101
811107808
284920395
195488460
907944353
737744241
92027532
822726201
724796567
64628228
986957844
977531573
38360086
169846713
281266144
382626957
925215778
463984605
336098786
578564596
14590600
900217001
668964096
453586754
618466880
163594732
476955740
323147938
579739362
260964362
901155008
685815030
696068384
302093290
50797586
868108783
237634400
981614051
660714059
713662429
435278164
809999430
280897108
539129358
265147883
824206560
831808133
722497170
478264454
107449147
938132319
609931644
210913212
346543376
372951551
457396605
238954
140205707
383110887
138905932
806759662
621641352
780797804
374713349
586646602
200132528
48095876
291046058
946599646
727601750
693161595
19304129
127698692
710380609
317930401
502920389
975659810
60266537
734092998
14930637
389692042
486997340
869026335
791047856
773923451
879522935
888452779
986516960
931056702
234027804
332790238
352043084
91737851
832429303
339236258
610241367
554529546
880192688
797148864
834940543
388159515
699686353
406152040
958419981
19609368
920398533
768230734
209077010
585358437
585559411
900088292
517695319
432218027
356659219
182264139
940902771
469768921
13348757
633862543
620408168
727275917
601737859
411114849
965583354
61240749
785275325
983954764
334513169
241645377
629667642
906135754
814215014
357084853
736701937
695591372
101343188
746963641
25558152
262830544
464323547
215618225
823159446
614625388
384452669
976071932
716514063
106852658
26930737
291743398
10674821
122989774
603846217
116873164
144283000
181562973
375184392
469582490
200944064
767203981
44883528
583286890
537161262
695640259
504511778
782861080
776432583
741206726
465649896
120388413
284920501
208657702
270385316
977099014
739853482
647747871
390433962
887701972
556449458
895756252
448946910
911353278
576861851
676637041
299005159
588535513
375332848
271800842
378622062
847173599
436483760
500079693
54744572
650775031
62258057
185107526
441678792
891959462
27335224
456454901
96087668
567881217
814456840
29861315
234765046
295853714
474798491
101778879
674659749
482173024
712890152
355609492
912929944
797250250
283491519
579182347
360810898
595643110
27355573
970407076
497339582
179285179
699621215
646926371
439629622
103526974
295398858
785886519
645608194
908951851
55782392
520737887
615165847
678558192
3960828
369457375
203569865
322477513
471782699
15790298
870515695
307583307
230675440
845346233
125179935
378823480
677714652
605783501
645844212
805633470
727329945
585341840
177973160
322040724
169679566
726965603
526448241
243778616
561181739
726821916
58108430
471220831
404463709
789232973
923647685
796128131
673945111
869195727
502237566
994360601
78194556
740478277
92938856
178443176
427089390
109600687
764169433
702744406
594314869
211910111
830668666
116143353
678143595
2757672
956499379
567441098
622652776
456156893
904634443
747429437
250862655
680647322
622516641
100534514
625332710
708906162
660440745
684192341
937527902
17251659
130280990
983515082
387639533
791188979
829126144
310651076
657270011
540027147
753353316
250718841
497742212
493733866
149740365
845590869
272959455
775548635
920141437
804332156
85316723
386430217
457748175
106672804
546388320
763784441
415021703
112092810
155284139
109924467
885539007
130625730
399834277
988144168
148728797
978238797
659116877
860917951
11066903
702302112
130656154
35490852
30272917
702713158
247139746
497822477
933683415
708838014
134643005
989169888
743766322
329773090
424991707
90328794
168650570
307511636
752729873
112246830
344085424
438801677
93271750
408202233
527588757
437867473
644648189
355627590
829231606
253661528
477807452
401211761
254351916
424850999
793635104
664135352
435957564
869159437
242432983
593879728
978180067
816262620
8806823
853115461
83459262
324706260
928127688
526750444
356064441
319903854
88716951
198431107
456613370
423968834
359025992
967481067
171081903
467640253
870157706
242870297
443762815
125917941
723066466
850782452
98983479
477818082
955595846
985307900
274968925
835375304
808706600
527370666
840945825
865436901
587725502
55832441
916428142
953583343
239594597
982801751
728696804
305448674
118363970
813087840
274415264
308044269
332405601
459091872
674123691
158612880
240027052
333834242
448373264
994766332
30915761
84132090
812891644
947882004
571101644
824545319
608109866
640751295
592014275
115554867
478461744
229755251
144360880
343433920
271374913
671067271
659631688
683631019
369955422
217220119
805887196
781121366
454257125
163750599
226702750
911639084
442712731
775733125
81585155
346429080
926361347
902855794
564315528
341211053
564132367
169360188
44405419
657047130
36261643
382439652
899648647
368241372
383019529
165066153
787389708
806695527
971544693
908130851
441616503
405339580
263772974
375282246
390755091
980089385
136670044
818389947
16296423
823804351
616421733
145727077
336067894
815751674
911588630
516506729
189293294
43268643
585490978
818603111
370459366
353901431
705033097
298164108
747202735
247926487
182972208
419722469
371488050
17117976
396717504
979908123
342009826
486984538
874297103
26008348
891335578
219533817
81612806
955538362
699149120
412419407
709993866
962125484
714932411
632833299
418957959
892727513
522898984
949157886
865412983
805472400
205190127
275714171
964542241
544275894
92216464
303950839
713382995
26224758
975600235
949851999
197187586
518488353
136843728
675097851
498099138
117826277
593629364
113005347
593341281
477410945
29349933
805712704
360026121
900980945
115113436
73643410
997102495
994043177
779916067
226990613
885129316
867410726
197668902
146106557
708511004
944908077
11833179
575475793
893814117
903137532
622755586
778969314
110364433
430915892
642299431
787736327
31258472
442276574
675948285
506842885
668736300
670201577
155637785
435517099
531882323
635399278
310240260
788391067
244696214
705571745
921551675
397253664
988771407
363861541
675107221
177462056
758127533
538669901
987074269
139767390
329922619
752307044
283073095
260863958
661496495
884169252
258144417
232957104
58020741
241132212
951345213
598119485
874328585
56224036
137648201
528016934
664201629
396368008
694977655
956303097
792008336
288922156
462459010
930705201
377083903
387442889
368223626
3758688
897944179
10043155
921739446
576054744
85738732
471305564
16084506
252209667
629446754
43556568
923624313
189140477
245873062
532388102
395633614
743764705
342046451
342815811
351268939
506550913
484615689
794493485
806277862
294704014
269140110
829168818
523186226
785641321
133650901
579301286
617238207
703548135
526031463
921079453
512048462
371987715
233813991
266368556
131558362
258392640
558713986
432671710
20380165
873203588
167845184
744749024
498060440
860132646
647746204
486600183
185784075
717442539
35176230
137074843
730012202
16784496
914177467
42147576
772430276
464619997
131453655
924364525
841423929
916214892
257975849
485269967
454536497
158811593
465397563
552823543
533831480
316056909
647009638
950346746
129527983
697699988
183235283
873460504
837798434
856798571
377534191
968787927
35903873
433120245
243200388
332824412
908159802
206818635
191433208
523951046
221118853
626032466
808571023
121511110
110170566
899405182
440973211
723466315
391098628
482131922
367329256
656041328
922602982
836384986
751577856
529972157
39671031
119175922
55385800
231360801
275131138
526755103
974751291
544155303
627485442
282313860
265904257
296161053
165662035
647291568
978065742
300912269
657286846
221735624
284140914
752497063
227729051
313781532
826379723
804228440
107697275
481712189
77870822
593172965
133520116
516281722
498330249
930820707
968648363
580022987
309046183
894908641
887682060
974810472
865050502
321072342
387215050
761195941
365108005
501658407
932588264
56409025
800178367
991397136
985712726
360386682
536806910
688801303
398742838
268472871
630446740
678072820
603380676
119347430
701812273
790993754
308636250
77061123
740951818
846198834
835094513
130298224
418007090
710807655
817700710
137834346
116391115
310368839
856036517
41235802
863541268
168330272
743819964
185289882
890531063
353102275
9646837
439210745
708315073
162671841
359725321
744680286
832226836
649016053
961112795
440827017
756166031
562948623
677780884
388723025
874014324
319828059
300641044
489219798
247526753
193671453
653259106
981993387
86033620
24599627
598662554
286314166
106035320
166910202
705472611
509674426
266126819
561404081
869847786
67035369
34875129
60744708
295234649
463226346
120900358
470985149
689102453
651069313
284690050
283019646
648795483
943716442
426563283
485146374
885486428
983342346
361739069
886180978
68561392
165996616
421082090
709207998
404401528
276684356
754272593
959571352
659122381
396515345
843517749
51085679
771894491
256410390
829788622
172757969
486910758
460377285
203336974
130099340
936071592
674290852
176740614
84497051
110789612
333959761
544998220
389260629
963219477
791552505
562724149
772583402
781914336
149009357
254134362
881647640
343433613
102962350
579073152
81101558
204305070
680813921
369521892
710769419
435177394
804867120
262946535
383053998
47713650
750527303
331857810
593821782
150647726
515207610
611553363
244477069
644193594
677910973
45980506
141142057
78019640
350254596
913966527
276571368
249458137
792861784
122338043
92372315
902054302
13194018
853412782
308223226
913635132
737506830
684068084
667519452
181467536
758754675
318944302
66107602
467361964
359842538
409327323
56228076
607109506
492802533
424693279
823420059
806574423
544531363
999773008
870100082
694735667
942624131
531384501
825868330
286116846
644018164
939369669
79621609
775997174
208785845
205107717
400568985
244362401
33964236
898491966
594221647
998752755
649714728
970712484
640365221
407572359
39963261
522923252
827613911
343730341
443061740
759075579
244021708
244593829
820456034
737609691
993537563
746065798
784760671
952601558
727231044
414323387
823314738
502080267
717969625
475475549
22127577
756401561
641588074
971833624
712654366
322886577
410520981
759480969
296537043
642911545
152881114
317125107
149654171
67840007
557840050
40535395
342757747
553577593
322094241
986814156
869918803
401574509
723385382
87747358
325436890
782525637
569608738
773191482
82465104
416266055
870127287
289536159
140774767
598273254
998249910
210108579
285242236
900142868
703498447
823878773
748046632
276804268
850976032
828606352
817126218
229538283
36931091
71506627
45070907
250302941
126294514
108710267
204436314
930201134
356931148
4836634
625393345
660330116
334809097
37962769
588777775
614086533
23860349
453661358
220590737
529440518
766285270
721102708
423700265
674639943
767350958
373788278
963272501
141763445
742176251
635976110
175453872
82112917
393929721
362603740
253310283
946842420
325176998
252828029
916875425
565336628
422512225
356216762
444563813
774289171
921967465
100290098
825107418
483588715
615799813
152034953
670169864
755939331
516856666
937523754
78889664
38056872
71594807
663988370
544261798
374999578
699900667
564936875
770246808
168953094
873830758
343780805
674298049
425510907
893355160
308742297
74365472
381640664
445020936
598405934
732611247
188335927
300867459
239977270
557997992
169366063
254064196
726464040
400690239
149169712
180480171
656601140
672772160
662847578
296073192
628063091
317128858
4601854
1687772
900261472
110905716
546057283
946086501
943532256
195596547
939896944
58792187
507990753
399666163
852676759
710684410
225334675
978924138
598743052
639115478
639123239
794748474
94419425
471729610
990708107
191203129
893917995
566083733
214480000
81783061
786083912
557917692
989554072
436484771
86591934
429254540
770481080
654150514
185471023
127103680
501422544
127963207
953441653
804812115
604005734
704414806
189405967
304155017
321754443
688190896
464443294
708517871
690019469
741244719
816059755
186834213
752764307
637091371
186005450
930236603
750730335
966361620
803615425
911802963
169936509
607368379
6250707
906057272
354129181
72903442
478866684
888660403
772264863
321038067
597096669
82694109
452562399
505897808
105655079
404279427
823628471
92966493
932525288
929722386
44180048
454182954
320603238
689952649
675419325
628923050
375566030
646397606
130523953
775828974
250644631
317264214
875660316
518586457
825862112
376049692
491203237
231681743
64009986
956887849
553415273
611691893
123582855
699614122
395963944
395029077
985023876
87420867
726941602
833490392
360721361
148906669
689943387
912101209
1417271
188510973
484552741
472392629
592638936
479691834
253218052
408370098
767809394
629745768
703080078
582921568
498931221
690955749
435385221
907407650
922610569
106575035
62277900
325958850
483792383
468676302
645907361
809670891
873615970
171097751
635989550
332515809
571825284
395895046
25109034
255285633
486599599
387800813
318229494
149466130
300668731
240346370
592878986
925377804
159905300
406862003
556186055
844412447
528477142
252085595
830981299
482106984
584835135
406503137
866469269
429506234
475961390
684572627
64524198
479323777
128865843
786465075
62180788
930806326
641608397
563650700
752666496
529657620
466645390
757981094
55768938
460325734
31865312
918279807
630253961
87136141
174659462
574590684
932380292
791626551
43388843
587692576
565611014
757203737
322447138
398841193
436216343
879082080
134109013
958349023
111777952
30001471
873698033
678160704
215460971
707815882
633191691
88325882
778244712
625658225
150158519
799614546
383726024
788326094
511897550
612224372
332016287
18908096
217935276
965406977
125519268
55002957
924194941
783464171
700281081
963548805
321140479
535258223
276563
683088501
629111073
535895633
325974371
758620152
911507662
843662540
110791190
569721715
2084657
530382033
816497257
115104510
9035332
320095264
9153090
183004591
467221259
648491436
205095057
113209896
644157042
875209927
365635448
572457284
915299111
419893517
58266673
668220068
699594805
964621830
168131307
914245712
689202714
262424514
401399902
806241886
140089118
376901091
754025097
879900012
939214919
323674203
351155661
49256685
676341161
695237196
812100080
194477055
222077460
164873994
710961315
637348644
29868505
161652097
738414268
525756577
553010060
448154534
989854712
76240118
287064702
230467084
753631064
969690854
342823961
415519528
731611615
25586310
316018053
909728355
59367411
73820634
129359482
824292833
929488490
116752766
38532152
785284344
208264356
879819965
183611487
507882544
134314778
22509688
671999111
218176811
847164916
553296098
482230661
824555547
653615194
363225358
117667306
273139707
455617482
79578320
375591104
618475619
220295597
804443566
96520355
189202216
173954065
462846485
438285194
988369841
317328800
954953221
764528248
159785978
585165582
101030532
710509700
839801030
606086949
197300453
688273076
922774802
863713362
785178738
792527980
218760537
256598607
286197188
3079608
633766316
147436848
933596856
449726532
211620384
897814362
960649213
935811749
293515554
703090181
215329996
146297015
823082511
831608842
179000367
683756569
158049964
226436509
87217026
983014743
863898597
125583077
513890600
360851539
91818845
683335289
481936656
89862287
664060848
800758637
367428313
566335016
123965774
75474800
381788693
715055223
944230506
388649860
738626741
422511803
103422908
862972568
76938324
111358187
311879367
261278016
880019063
692146987
925225451
210682534
839323882
53536460
551019350
944499245
469444928
812479239
530567048
900111682
642984474
176399148
943505863
663649459
764910091
717517089
19949206
107746306
896871526
211022947
442902427
837612123
296485560
688885589
540143578
629734046
120887268
63351944
867834081
384156808
703534586
706990828
954434176
426423295
434731612
691585632
737159172
978277511
28554553
538406867
836567188
903043716
853106000
945740355
554170114
714886468
138315052
771083611
373745309
769679237
86375401
854573449
176211733
32776168
17681412
170558335
711264204
70847168
494636842
788799506
824115793
640336761
575054529
552052186
786758303
321494904
233775012
569958250
311587669
146790036
883594686
755345121
153528667
741207959
287053058
470299549
380876444
521087434
836341299
544680501
473409148
603307680
277946432
546606709
413177480
808537535
296291295
433500669
344777263
64224592
80929222
876477292
760282929
517272290
443932516
789289858
952351979
509949495
391232693
87927494
497356502
210377425
896958333
598908556
121373971
651144369
815748664
123555167
660268094
888722475
22852558
858304909
745916543
435246980
946094991
507499197
251623517
876436495
882022135
385025476
410389727
770575486
2573277
624887335
968755788
999172164
225180336
697973912
885035984
127708529
25656787
701482385
875346583
706049645
960735032
220659381
681522949
208451882
36557661
353344620
893418962
66072752
174351604
633458488
172427762
405595945
183859603
903124030
767116333
376151691
120991827
945689991
854379150
492462760
745372942
410750146
75762735
338430208
731295364
972748061
622121669
302016492
282389904
419024369
208718145
768244010
545425946
44430579
980887736
609692564
872689306
600675347
375585170
519054436
219520152
376439049
423970947
349754952
943261107
501240490
1575249
229593131
180030880
517198121
909445084
525745554
433314684
154911457
901970136
142423558
492046950
160321962
366470828
956545942
936447569
865130469
544772403
130062348
295815095
616556819
807303002
314392154
56981762
835492130
123648725
785965487
136002117
891743250
130263087
93851991
371555265
687041723
705234721
902516885
724908872
954990196
278902634
254422189
262409811
163761886
808878592
528223443
26049535
372334212
769321751
190126066
291819993
720365022
778250393
932969410
739362986
278307051
293770337
608555587
294869469
979147916
976140790
389345788
226202333
793093182
710711797
763608628
846776599
602248646
777485137
430562951
745300359
988206435
953477493
188379838
507772220
111990085
715013633
973321527
752830519
306154974
951924233
488411282
410612350
846688363
52081255
323006040
866881562
196240264
24803132
818922728
123108814
40004575
37167667
190371458
329505885
740151581
711600746
866311020
441129568
356020686
933900539
609885582
861024909
963764237
818409281
656664531
136044852
454332652
611248759
396072291
756322712
494571194
112939799
835982378
331378916
675696073
623082419
704055828
944136253
973259095
257102828
146068254
281770865
732899543
338337762
711096928
236665591
550869847
6034813
793360055
334864375
527428875
928678359
875308833
668107879
767507137
800831368
376676360
519984001
661759750
536836103
14721786
640294501
198134001
292735573
276409081
593245697
852002810
809201646
439712983
198822585
300606381
448937201
561624162
191186401
209520767
830266804
913217902
93744612
474876328
309515559
870357205
859637567
910048178
463671821
195799878
516367316
571329563
570094037
686453392
563065269
618238133
163380821
919041066
460245255
661450224
399654290
280920642
979498308
433973110
547067433
333353864
208430013
119929641
743191567
961269834
634166239
153642714
714450139
72312417
532250478
884241886
483414025
344677617
395477494
776283584
563468380
113285169
977813020
522079780
772165836
64462465
477020089
291091321
684849178
655618037
741572784
911407356
58392074
642846465
91595817
112691626
345453431
945841752
148989101
621823308
606451811
329411967
451519242
848888453
838085362
410778657
911920817
895302824
985520169
224803436
915402987
326396526
463063467
265398928
464140607
192332655
564281133
199234352
606518366
127803918
777021242
550321700
143998974
368291097
794327290
208654480
179791953
711533592
452133881
299616511
355167506
776337833
745130910
112612108
838250708
447055499
912770525
28807632
90087530
983525378
379372899
203722170
287724299
851672561
373598266
585091413
249308324
773726952
962087315
555741231
450272816
873749623
540895493
932488721
668127473
839146295
488486603
836372659
515935047
370301658
801244998
558308050
455416776
950802026
359584529
947688431
786855862
56950268
74614803
86900453
531706818
296068061
603496606
103958643
779862497
368696771
32508713
130717404
445353905
390279359
509494981
402093994
521177205
739232628
38011335
921004694
335911052
98866611
742091785
759427792
606461905
86907592
159338455
273891785
735679778
897077912
690394150
874348874
193007290
698022561
616601279
330728290
48563530
530855623
549664012
561129669
639509580
88100223
377537633
542196986
633442570
433169402
182132217
194284266
82048003
384150044
356853952
488925082
398658541
709805033
309137020
126860348
955681547
226823685
647357653
34852482
834769223
902161014
582280184
122863329
371988326
26701138
930747916
281957351
961880134
61943709
38517006
568013126
439221438
793343684
880584314
224208883
853526216
889281185
253884054
490423785
815003726
158500650
670289091
713705300
594839199
243907509
532622578
416400370
842583256
955649165
673060299
568696346
565647071
740021177
824907078
298404971
105323836
895277055
65003576
951220891
364909204
589525638
445195432
256500724
150635787
258967755
533764297
97204806
228137414
29556365
769604743
16700344
946271196
874401810
292336685
991303045
950289943
7358577
468329071
151169985
908270343
196744906
657893862
510580710
748856242
649150272
486267244
694935990
785869812
269444555
496511169
391673967
192917748
83850799
670287194
717388248
897190542
335807881
574836528
643420031
457861310
184837366
137351998
617593152
503209159
129238249
890113091
653716910
616747065
765810254
162089498
343810050
516949002
256552529
461136244
750844225
295919539
515534351
738627457
918490178
326060030
141782709
148430968
970176648
868978043
558020561
382745190
966594677
880961837
927650769
283347270
869152676
914465311
474175562
727384958
177714405
257285691
715519850
773287221
992174032
313899533
326939496
921653647
228212493
986508025
11885372
174721611
898216805
490007572
799934193
188751091
692471420
858552778
332029674
921651546
595634686
270314476
810972437
239456096
210347846
382597292
435358457
370109498
435594716
393771576
238630515
701140800
451477042
199235447
374154842
198565996
384896875
377968414
438886987
581670362
905223415
443937200
241241652
278490754
227830109
640397827
10697489
250297170
687556520
122606794
468955983
830426345
231201188
939802680
63732054
402216695
668780309
528615991
550870439
93449342
751816123
465581163
358383495
6169041
645514374
521495450
837701941
260041669
372840735
910249359
490465817
889972344
585525516
204885135
611558208
367592929
56539218
571241387
588327086
151095713
625012294
677854181
962354584
141445802
282701985
345395081
753635452
110857656
546954507
481667068
933873708
492089861
926528776
470805149
560686156
498423277
226184240
221794831
43996376
623725711
968134666
940970765
12674048
497479755
875631965
318531500
650800242
693114723
653524979
917451292
72381795
432298791
991469352
253518383
470479618
732646508
553508533
42527506
704470914
875514636
157570954
139417529
447053713
395328683
734653686
237963944
709025660
741901710
404684152
227590223
882786171
964831568
15524300
140013266
81750341
434596773
521666389
202431325
817968621
786692020
52035694
17355660
359609279
149866766
429784061
13111660
698303452
352933900
625041833
440494066
617513603
892113284
824129474
74584500
40875396
537755506
44521771
864525609
397388741
69048192
460524448
759306845
950052870
713224122
321473425
48958683
514639718
282069442
374933540
458413402
522960956
559608776
760672909
557345672
359361083
751402148
858513428
684232916
130622356
419230504
937597413
340041844
792798786
652927902
466063526
633593454
858849996
280598085
47857865
495869710
978782023
406395904
927135433
224466334
691861732
830421624
499163636
713555091
916437734
326732781
412998610
885920588
569972626
92413800
982361994
944667779
392655228
90911709
955870445
963185435
590618444
341667032
278795596
449828597
902477769
199297424
359682591
755693552
255544660
930588907
522409178
58943085
833899896
556790829
355092637
822408568
187950153
832586950
188890004
659912404
742148689
21951291
374253049
409350360
103110453
268269978
624739698
989107048
852795932
96174877
624631626
266792251
296370036
684104625
651720051
142997851
926958807
794391449
996229078
375169204
134670322
406239371
335676193
301230763
817333037
894238745
99538892
427726958
837618495
649396795
45357020
688366266
284531665
269455990
491072748
897091983
779765420
292343173
7432675
236400027
383397035
406061622
600077875
998568958
660418974
595127185
712785842
508167138
656903623
20616483
437245716
421780759
464273249
631524606
816738203
652049406
425260746
240049384
681355524
82896231
612246459
102092663
648098541
172637966
604823836
649077854
489964288
888582875
457411200
900304029
767477956
60048167
498626537
304300047
665259786
388297976
560516590
432988966
984208657
131307793
564512109
33991769
287009360
968520970
141050024
716200364
277600390
583595185
587907008
623227033
53630150
907656856
867902187
810891202
407985579
963668262
485472727
534594683
492928026
376721755
736779572
284447139
947274345
99917525
547548390
196808633
107625726
386662202
556531096
553825282
713197566
806413121
318175000
705262722
250099040
734220337
785530126
927744836
400241197
314749177
425323859
509366018
672819852
879545993
562141686
562212097
276727364
635731681
491416089
37837281
637011209
873348396
178825647
836062430
793713321
394072445
763042294
941849997
838870855
770194302
41985485
562934174
725934542
18125060
782049662
163533430
294381645
721069843
650285147
179836586
708720848
734090030
352869384
221002122
191401386
686729869
34325121
71431868
390750109
115203013
769454304
155914617
138413336
695737285
66642446
789797677
498982694
725842951
615992428
188423026
706642732
411618794
218677200
113451748
265352133
532501043
896952568
446605719
439267356
72176438
852900675
892057627
708993262
847438731
360242336
954435388
385916590
768961232
957166611
882553529
310792586
805778792
305359424
433822554
592859240
190255459
785301193
14210378
120760801
936129667
355398597
939701139
26237020
968095910
182136063
457671248
304252218
263016055
679614145
506852709
672973629
651679219
624888511
392278824
691978644
137137756
242182159
474829923
423730785
380963477
926486722
774211594
206628088
558959121
801517766
422825169
496001650
169224496
37733268
334614103
455613159
614746944
613992172
776804344
906618939
848829853
996314245
391721142
455169235
787772
268006025
373617646
418699256
283702417
886411493
940264695
248436176
906221304
705970728
731201742
73352671
20386264
992049768
897052571
929830432
247048401
165546396
339128220
490438633
381377731
818478556
403256278
713630022
845127594
441568371
876187840
854658296
656757421
609398280
991629664
326541909
24668573
834350695
149952236
700443258
165906295
333289470
27025636
603264088
24543847
751638646
704897561
408759088
608076916
216576455
250030368
600774421
989850691
788935910
748834198
641924553
262845602
145966582
704034493
502292403
742903262
546809917
528451208
52146359
614206055
712839313
503262789
467834091
236669742
176104769
372198618
710284468
656044343
158919506
671796713
679734749
982323653
854724990
452950983
599348980
54144567
847932326
606313201
873113142
705864639
259342418
771630724
802826239
909621907
302622996
853694778
917135167
71105277
956232601
119422326
173960396
163990863
125237735
643081742
147664039
256677549
250618471
566101154
506098584
281150458
107591628
378819049
875573090
313738780
302687357
907336311
389583885
817326126
822468629
287812023
436973125
511139641
335300895
90582504
11101057
249693186
656513703
398832313
786419566
360344914
574375583
859684627
821882659
284400988
122465216
835196421
833035191
553380029
235836441
627207011
733024005
633781170
147832602
303788058
589278680
426769251
927578803
897171420
242677255
894031386
938368094
435591205
651097158
251407288
513498586
308120486
22913240
791809334
184044650
942996037
543087380
163776526
764257792
637623730
514486558
714438833
656617085
406504795
255294868
623604369
650694362
448253218
191084598
697859199
347187884
624652092
994606103
910730526
498449913
232474044
16864863
810191490
426791514
926851884
682075615
523355637
13696425
784262856
343439740
660336591
402224855
839859872
372761192
202369384
651669964
771747800
988350487
158536641
439384406
679035605
482191670
13641531
482838759
122440290
655008666
653003294
44857998
618635139
659592976
380200210
451556006
916963944
353916087
956357103
941441198
313059539
787348828
671898828
167364864
331619948
986571660
366909667
73704849
79143685
684163875
158372656
368267252
407118323
173054576
661118948
625861835
26659915
741840694
520532453
652853533
952237453
52054545
257366368
871279659
455342505
36217305
350275016
249621826
355136972
830798964
535859626
355807046
347787043
961711739
750648217
358027820
142875843
186310228
814360218
143065371
371673179
347414091
36437029
849270830
149648124
665590708
61886482
275202113
69549067
468090691
824342721
145080949
501116897
129846057
961072798
40798087
307110280
817791137
78294033
370019697
146627171
161307336
67112486
525855708
218642470
752455507
116869140
720860123
509952119
529065380
44774732
880299993
723679129
726312670
829899150
570346950
731096900
338070980
210087568
28737599
92667057
977053759
732391642
905725478
776343149
676008834
533551339
724595979
644097570
495719157
676759124
875441773
743574278
610688667
499780857
27304463
238213742
418596781
178747877
237579153
90855304
318644719
884229725
952312639
98821436
278998720
646049985
818996363
627210580
837037814
242409504
542416618
2968481
891293044
190501567
846603410
250399530
586237110
822284988
959212938
665758364
340330600
666777133
113808794
484359508
5651201
820647657
448903293
738160041
36287924
176706795
245526178
987595761
88713630
808365430
360489993
976825955
863491517
451169603
737464373
436716229
405636790
527464596
938148608
627791162
96287384
225238530
742712937
235166831
443823306
800213145
399214074
697750773
739325210
928616291
584847765
186701729
3563249
970936854
759745833
836968673
538714491
679226492
103756062
610775240
148406901
835733083
106339471
415990335
842209797
32915419
414466747
417635775
45531950
698604408
37420523
861319475
658062238
373543693
427830616
888913276
251542156
394642520
423320215
128480677
717684397
615248926
220819458
738162799
801457778
229106237
253014632
486317948
572413819
498889998
558980001
512995287
239171255
490112753
930090687
947277330
699659655
966445610
301808672
778509286
968522787
539381896
388811037
923940620
718649759
461188507
295343574
109390131
916325096
280318564
415895387
921175841
745229894
911912972
42632743
342565197
27198908
108486438
610131331
236073115
455290732
344965674
572565833
792984732
436051239
751674025
512465297
913544995
255304858
422916838
851587743
124972324
15985686
161180399
576297419
202511813
404523715
156067761
406186634
309915046
93860782
800890031
186206869
774792
836241667
571360092
773414510
544111875
562819561
216020034
982645484
259876870
620841537
507724405
523116754
460958775
834076389
100021915
209957049
788404315
877814618
739210357
955915906
188431466
215754799
429938316
348305063
788043328
6411592
348880551
848103510
525232950
274030343
686476115
131679842
595581309
419824677
390465302
957665135
944733318
242416525
758967129
850790931
271304453
276253421
496558128
716013233
494903047
226923241
819839996
39056202
951728836
147756587
926135677
427036218
563427711
304603372
937186331
58619676
885743570
739225121
484406537
255190189
761335715
992259089
171478937
351352461
600929791
282935845
465645000
736124953
523179243
71198750
222330946
185316993
553621483
255983072
347866670
254876190
461321246
905212963
267788041
45164712
946388343
546355613
389419037
662684866
451190637
610916241
227592433
838077292
480549568
881796733
285548286
141243293
251813909
944666701
963598983
905015482
346534763
414898193
158637375
796496641
628861330
997055751
846818214
129287723
639225292
872542733
670606367
239796528
711970679
429233470
582325687
275695387
506547835
953292545
29936481
411303180
654204165
509125243
338573668
162227373
12955449
276754335
32460987
391499160
935631526
510378575
688268274
833899607
852700307
965036446
67338482
355890340
847741316
947276612
829755292
249630318
795241165
25678564
810469476
380824639
934616514
959322648
154158262
223427884
828642720
839155148
531625011
983646346
816246064
732873695
956091376
333011414
606845216
335503933
157203211
802159184
903325531
218060297
360346056
859557214
493512830
887188100
246785251
619046743
119321339
567601889
181057845
735730358
334356446
17127442
698930609
963958024
705632995
111085837
848768743
877345392
634171339
110720902
374499762
771116847
705140547
284880179
591850485
588523059
483417555
497182186
708321141
151247523
944406603
654843336
645443667
174204626
969372307
579569977
747267049
959027093
510988086
377918010
83532843
949317087
726732773
214734700
955804132
125227074
774248007
354519886
30071275
470061529
177629271
955870092
980151534
439064090
476672862
835869402
160816263
557176524
170903156
82909012
771315714
824613387
540761093
327278998
455728787
670362114
715372739
920400687
836680774
924582516
248248945
270381996
270071620
173046543
389680559
744385185
940493505
722594590
767519493
429157006
55697290
582444213
34792004
367793430
725662713
255298883
644398029
690218211
113502341
807636435
511983230
665211778
372372736
22303471
502013891
940586699
273506712
125992409
268421094
123159176
919574699
836635128
683129037
650684962
810048873
28518185
614273749
134211355
587802962
263097733
99253954
900552683
781359500
869625733
586985479
168868288
681237847
508465244
816574560
433601284
518323537
886559239
322083884
269633353
172012091
881301296
641082605
417423446
654137954
980043092
474370952
527368351
853424055
900868315
270772056
585662351
948769609
106296311
959617356
854578737
470468142
367316289
872955286
881798609
742066593
891779845
419048
682580260
466653828
567855158
95913288
89310093
541730225
778290794
743711371
947319415
252360974
540266690
8193948
455734927
699114612
1596370
653499161
10315005
349180587
906116712
42711646
132568790
702423305
820257927
43816016
636674600
154117907
331566574
405238220
369800480
957422410
832628897
907599700
798343847
544860928
293046397
935030186
184419149
563802785
120264596
921187721
491072623
366451983
169352189
41399801
824937013
391724333
417938374
495618324
762182912
372706516
834621094
190167214
772126877
114484910
447703865
793687890
172791468
493849255
425587446
651455261
695703059
587512449
126694912
534897551
348850805
631700654
150934317
258959770
515404477
424201545
427680101
532572280
888820159
801118574
18933127
949622271
25340163
741388585
335986051
641733062
952273234
955283361
8354867
741329443
803999118
437651715
651017409
695861706
747918292
750409146
284437629
846521152
515961228
255897193
223772636
255217251
778326063
643792780
988176183
785497178
755384907
972863126
944991568
805620580
323507252
417793026
659043708
186284168
93954945
103677677
105199132
58444204
209589828
829901109
610980090
757384840
499421946
590880986
899913036
212673858
490222754
598095851
767812035
829588905
725170275
372956535
15974072
326733480
142401563
308581382
84298454
948829433
658161693
418885025
270649200
992341729
436667564
576494873
403862213
473241712
243851190
402460027
815888322
823262715
764867478
839613222
237684957
616411
333847792
876424331
713491927
390302460
782981487
768667447
807119602
35657021
306910343
372192532
519678963
864456080
127568158
151425483
328028817
32517518
294628219
665542217
629229661
698286521
46264941
10980532
65149398
613264774
631564833
596330212
42552383
522454096
541572695
238421553
84009926
851390600
619550909
51335086
432608906
255322028
950683191
172638355
612117139
401025713
15869714
709711228
581183369
200099308
562447691
745654031
992105727
27157380
195200358
627106531
444262603
826461344
477621494
687065916
831814391
712028501
804147491
363052282
392790578
380646247
509088990
601781275
99014046
888143628
538122655
80081631
327148274
362361718
866787033
778800172
506509372
490692976
82743081
321355964
418103105
573216172
707088816
15430695
586497214
167101346
153744611
882667798
474643919
526976978
669047951
112640552
530972252
477020268
883390354
961996493
75801616
941400132
976115431
109771911
635204835
234230637
845040451
632560125
435651454
977309078
590789731
111883204
758706043
83251411
371549889
568448618
757036571
677100309
779667037
907530501
506878947
439663213
586572629
968521776
366974874
886702170
927872519
693285029
648967391
385198420
674880840
454214369
959282019
94468204
894736996
337783348
30550223
665565905
498663541
692368684
625324114
919988530
56103483
678011945
19043055
209426634
42436265
859852803
383120282
72561681
584699724
80935788
711250053
675220412
755571522
760734897
530594928
713246618
660932628
880515971
863118414
131956732
450368604
196092167
377476029
53622413
507014177
716841453
760683458
820877052
701668001
42498618
456230337
378836036
556987269
11534273
58659294
17809525
275891729
238090352
318273448
401345250
802679434
956561757
302851660
534000615
215411731
424416697
420985617
992131549
649825795
898146117
64151487
500011139
691586994
641195223
830370377
781978308
959817807
943799269
306273452
628078450
686825439
809401031
499571235
180243252
885546643
791897158
882940187
155433920
310355015
830315254
429290280
376747623
345959137
850900482
989921325
488570196
124363695
21186493
778375039
666709823
929085229
388750848
409346393
935316074
399294455
669954755
194166010
14386740
889410747
411586440
314722303
659425457
657333223
533947127
437106104
106297924
963603432
296712695
36885002
8981672
898456235
33450963
649463485
235914123
993219554
520311969
817332026
280463905
842980557
319585047
795863570
839152435
196856688
823951140
618183324
370749472
987101348
646089146
420901992
212976455
104795990
15869841
209605777
779417916
374478817
286829683
430806381
638738800
54418780
816186831
415133246
727507992
577808566
74679383
757556825
516684230
817721668
889395282
304323125
270892240
811157173
584025915
902002433
139886638
88784189
546886534
710508562
258325804
146256163
285908691
761216894
849852377
631108189
225784456
250652477
271293352
121527706
563224162
596500130
704567258
529669226
382042050
380790393
298911342
249136974
951279093
95803048
932309257
657993326
159109559
309437049
884178580
538615717
682549903
501533114
765991524
693482483
925260827
953525573
399745174
656202127
120604470
115134869
652032183
559960738
117539047
417924207
470759750
791010020
697484969
539866430
72443152
464766926
532939941
470261067
51728526
75253782
116912039
851866946
148297649
751960945
618609899
977302584
782959373
231905078
453260453
131067676
110686826
352155890
441037560
879978502
872829341
647402763
467934012
382043305
577234458
586411536
192522281
977794655
35970247
131889589
294140571
373997318
138896268
556598354
80022730
93143445
44696435
115229030
449196876
865234237
132349955
969345443
866411890
332279891
470014693
637541645
780825252
763086067
89575653
132827214
856939885
429000732
154930084
389691139
328152572
533972575
697782745
88076967
552557132
234304330
13261712
582858713
584768564
670554590
567230812
80169718
923782120
800807003
477371622
567920367
695251076
96684490
505229025
741797914
980914692
396398160
996477591
73855918
397411158
455796076
595521746
691016827
952071869
336900650
870247498
570825271
770269073
866867052
375981964
715318070
362023851
670899793
355689330
697341416
784035594
793879613
831831159
615924599
387568776
1176240
166492221
715816384
536533347
672542992
919018220
542104691
434634409
816170378
662092309
679478330
565685105
551262258
796806103
340449495
151688117
889903129
599037775
171234884
851322886
527708183
935646559
278575355
975636757
412010434
821536115
20317771
595792229
458514059
723073554
948023324
906226421
114088815
427266655
631477188
886922874
149521267
690649385
296873203
762813488
702903003
500796187
199264556
599566732
87845063
515188663
46513968
606036451
547965932
788011408
202268100
504485488
494716936
743374496
266475772
814077484
489313621
100378665
456646830
870410689
852147733
517543738
137521485
806513746
26775746
41681259
947621924
779754039
465028291
326861570
646816702
387690693
768773846
480544111
423185645
99971806
47059141
955470736
453673941
3671322
620288453
556692000
821730103
195610073
12888015
367173012
524828271
19417564
388973436
853695395
821315817
315713127
847766395
438272893
863283549
8097021
362758205
611594440
92039282
221220247
762692051
437171275
761843030
133478891
733694863
707285229
121195621
406511992
782163562
590507031
766253888
985130314
942168948
282132234
875340880
421247240
944095142
797660378
430896408
993854690
923395397
326972388
178278017
150172476
261801547
432088821
629571338
2322000
520343380
250523274
574567481
619718341
739690223
338642123
303115627
541233936
559699678
879389867
519348543
42930933
394268157
242961005
21846125
351283274
716954963
410430351
863129304
499984519
606874485
800632646
295422686
963824353
199841692
501443784
803654072
714095830
368086337
587102491
717857057
196694901
201484205
502308451
473598884
788902363
718151228
580314735
616282213
474738209
896470451
755864216
830350493
185239795
301712739
541148714
260556456
2505897
513464624
919834627
642072630
711368060
927839024
657880948
237755872
95901281
323808
356053347
271301324
280495210
834027647
851168622
229783439
639160336
984110466
27258632
152938902
574512152
87308660
568763379
174861191
777232849
803901746
891463294
795027968
508099200
192731423
462818984
760797149
586270563
202318797
479586998
516013513
943512543
11617631
320321879
901923236
968602246
792554663
869958270
392429515
93150239
52294302
283767441
148555990
191928385
649471335
484438824
991441618
515425599
154648353
804587301
694632560
60293325
25496379
423002008
919052912
134852629
302442695
19674770
764603180
88790605
796250370
784894612
725010249
239895556
55687527
317631653
26061700
259205591
348768617
435199827
389347084
743103922
374131361
447848884
651353204
297500067
504608132
957246485
397348835
667273057
865714212
940297870
147040750
79825267
410281631
713185837
96350854
510194344
295806873
268335319
723396569
673162440
342262396
707799230
216392771
712355760
183900594
424734838
436390936
346604046
973079482
492808310
148121887
93519642
583986212
230729010
867188064
126772611
21426603
872946812
969088873
962199865
26839056
877373382
325741138
742921228
827268245
123142405
407902290
424402542
775905325
874050476
993246978
478479116
104140189
898894255
513085188
983323322
794129715
932766735
608929699
480648399
882806302
165036890
561864158
44102149
813505270
934810313
226296144
529775394
43621710
531888170
692109572
70874061
965426714
320795975
765749292
163401810
69539370
716825087
801410489
423182964
435080594
370459200
863635833
679375112
447460377
625087765
420177573
798408668
496921646
919255935
998895547
148784396
641833840
983622960
154769330
430989337
194296288
766116144
966148640
659100768
867817389
572134393
315273751
447578911
520693075
525357509
192970607
545003447
872970857
395350890
351574614
798677490
543737902
585231476
572244245
324933573
680614503
177046547
151802216
808244975
402438638
677702650
131646759
76932645
448022969
120588283
430368902
484295294
332130191
2935811
243852747
759896560
687450512
696977753
79162892
620501944
59711583
311311381
962859268
717424030
272621573
985247698
489733248
750677816
195123302
334218842
940990846
320521115
265266091
27046713
406080407
572003190
927410056
88348625
516025142
271050737
996730224
89459242
300849286
903287587
563370636
138876229
116650482
485415465
583265143
297494069
462482727
607719180
98146025
841471012
310737803
484897883
555257069
816770042
880033770
770635805
654197152
682369228
994478241
282909347
231527715
733125091
34181435
558450038
225416342
73992674
422886436
548648281
15933342
299867088
659552382
828512541
436936603
885210824
117146509
57722501
122767950
519032385
230093452
286267953
291618204
436581941
424371829
539375580
980604290
675405667
438576449
459798596
736336474
98377821
317483827
662254086
249289451
378930933
656837077
361816891
93339443
929404362
823070171
807152844
556792387
686629065
24839832
810582220
820258702
292990286
853767049
693451541
939811063
903937664
869146725
605125088
494604829
215547553
587999863
733030918
700714099
230402717
819819534
768947828
910464795
282782641
839769492
248586271
622231286
895672007
259693894
354757643
969763096
719626247
923568013
738024418
351757810
5497681
344966857
357670870
264928306
820395644
170640472
721563172
437920440
965902157
974325328
635101969
621502062
44188293
465222822
91781693
836198620
544235897
155030967
875832330
720318474
407227253
885906533
751677345
178393537
882757073
521215005
565271389
78858202
702860734
338529890
149525885
815693407
549220428
421918126
974766887
82879023
177209088
920955508
448534700
534329202
494448872
718713028
638930594
449245849
574581951
467958625
731285205
817541146
837758179
231262134
588207994
334315426
937539781
110421310
983911069
103917609
925443303
233149491
270827326
31684506
498678269
763347138
845221123
202592815
867386517
234801402
306505479
463200319
384593752
871401174
656865542
31942622
799799287
273761646
839516758
964214579
500117920
71775396
52971380
145779428
897971328
379244895
781229059
536187436
218800874
833121828
641364995
259088823
577765259
484313667
626487601
747351568
137577574
248780954
603296511
159320291
767306869
795910099
851559363
192681617
390531966
833915641
938475527
154979935
391232711
837827500
222206819
820326907
495242470
356826927
366993501
929719878
301791996
536732248
808651946
769333195
738121749
551219872
336079491
734870278
413227287
420848393
843204814
539522205
218446899
747651611
957348739
132540048
260460796
947727636
932945169
545043135
968980159
326654817
658464075
478610688
484647111
384157483
656266705
838061922
257151363
154205501
794051686
71585526
192787548
9577988
701799832
766957641
978794927
501848641
386469516
287243204
527611883
158521845
403932492
127660612
296720572
308407399
708286624
896891389
958946868
946222796
896987916
411013548
769582027
110606216
822669814
2625342
867064211
911212847
868534779
757123186
46044498
669583305
366955436
50453319
250653214
413129337
617724115
778880669
323954358
621121609
424305514
849059660
529185549
976182660
750556563
605886189
667171963
355424880
568763607
579277058
294528317
533536484
931608706
511893144
863307550
746973938
106717925
397610802
896689465
73264033
185436183
153481354
928570222
161875173
954435597
750628643
718159193
229487933
936245072
743960555
540469204
677723591
788707762
457263375
15560826
699906174
234053827
790026673
823981137
247908066
582564468
767288124
627650422
164301215
711592563
370626555
500901278
663365009
404430054
313391763
342937116
164429462
107703077
202657631
310991605
758052402
220990150
524666843
72748508
651591668
19855661
268996030
961684067
195459304
440296014
21265561
482259706
655774067
135877672
375680318
508389014
196202642
357434514
830333148
288882988
663528627
42433435
621169734
722062523
115916761
182057770
279284461
275694978
819129463
548291713
869829480
749998610
662690643
927161154
504788647
890072412
603230747
25277828
141800369
816086913
933632329
387680607
374274887
854398630
930991423
472166620
348515935
951689555
879336504
598003294
575902405
44969780
668456381
672500839
305679499
936594465
423696450
857146274
663130640
325192077
678961026
760889631
90985518
123281108
377356242
586532141
627640740
109452316
766232270
751863348
468687652
120115238
39061318
519677010
912975501
615742327
805943527
236802880
383239950
624653890
520952046
408151736
958277622
205275407
313880105
824109630
212427992
120401110
904470024
335120191
652155031
400509618
888622015
100050791
564870824
655971201
832149726
975134282
92990839
368226964
781455148
871826105
203077228
85394953
259434723
477995088
867774796
785844436
456889871
754882718
685111385
423030279
698433375
665503743
393901940
128095817
224219224
739978380
753608158
766559216
889448237
382520311
481484998
859527751
125067054
834231775
378910266
188603371
480693161
835307761
189594810
74241003
824016447
469131448
176705616
677402331
808615078
80537611
794803970
950634828
549834018
356627284
524672013
710963452
561204857
274689108
891776064
352288796
52525653
11912737
16918162
421214897
806273205
219609046
974373667
540085656
349161650
11474655
56332023
499120195
684515104
807918859
866395384
965042619
168695374
136969295
282928352
336500980
898585062
896967214
861867197
512878489
574181504
727821713
524254868
684236563
814409966
558651738
885752801
324677975
265504928
141167354
433814527
376263717
671782545
296852191
767868394
346495810
485174838
793320958
44416934
269189022
900097501
198591622
30650196
824613122
958373083
288147241
830549514
834170757
606142608
459065584
126505184
942404412
960283933
368593677
806609948
65217660
611388105
298867464
556495355
905967124
992341012
465261748
601106522
554061531
13313484
259173302
580188464
363246846
288787947
609312835
55260683
741581227
874143708
92623810
422203640
746894311
555776418
972745517
871810918
696814594
932728178
538404570
918669648
757468747
450115004
705403102
81459974
506598015
487305721
545760806
621410894
5228756
423472124
224826615
230997964
768066865
740473111
872216349
292669495
656998166
429815652
806844904
395325424
369784562
683484559
444400629
736627939
3017885
106214892
848233974
290039854
312343168
314728019
833145638
234563559
857370621
343304742
55678686
215309075
616249077
424525604
309572499
876941620
865634322
793982103
623679498
749490354
109032962
243068709
793474955
412305610
750451206
925870594
240362532
536974595
586623112
79103643
154769387
630826010
214740105
403392310
535344851
233733326
592153523
398748405
602412712
955329881
660275009
810207029
783197891
488777421
752487472
995937889
582297966
331934935
758144447
345458633
298564413
970075720
959138041
373702814
604121993
200480498
860359541
260310988
16374106
921700074
6899183
503646633
102574837
542659397
742743814
476546060
445773416
374189669
310012053
488957827
306295243
759520789
517350667
766434196
839839284
654636652
45503832
562327812
634631683
500946751
450771727
515291213
6382422
558758616
407158623
476692834
824490726
272761332
826235192
898705484
559343147
203098536
381875193
972133590
266366399
667220015
265216843
908562518
603979351
863572001
113072453
641684778
10191271
188213340
422376599
583620564
897275178
700717698
35594093
916605174
71401614
532662111
214330907
285059245
381861413
193586354
871288233
226196263
72735130
922219991
266353938
809247169
429526157
141823942
18042377
18192793
939971247
830312680
686999386
266848253
687308711
34257855
99145505
344131360
362694893
77088019
706341271
104293748
586052456
26796042
676605657
369998072
803836851
229769165
949246295
408086387
987573930
448171397
7490884
766184599
946982413
61710071
881236475
418411248
852178952
965032868
301948320
349198483
432699162
802252735
746795893
275827735
59591294
279013230
214774445
871224367
923930816
311444758
203686568
482768368
496658315
825557966
135668852
107897521
90051193
228502552
548095134
154931648
606125632
777160868
317261646
515720291
312398240
541850240
336232586
805912987
368205369
873623265
667142509
678325620
332968770
51339252
342680021
688700132
316473119
182283726
51006481
191561565
890492733
57706514
102307719
236585829
305581220
645498909
974178805
196173626
805142985
350356030
863116146
915119960
258380909
588345660
657887572
773321873
187411237
778177135
891816417
516616986
749269693
771083876
72170584
747415596
766976806
316247230
639019432
242767714
861729973
141289384
317954088
631829015
11212535
500397543
215303961
763400516
29710237
446627789
563030315
880291548
301922699
361790528
300390471
367480498
548980015
591150529
830581635
465220156
165106716
49149561
509305664
837928669
678168423
37758933
543341379
358214701
375528911
397093271
234129368
525698038
781221085
608326683
214913493
591873582
296792037
255511558
871226089
606797730
229258790
731605564
377245233
856345519
457683902
40790934
300817262
95683630
454500073
195582773
609008450
958649626
137876358
327572261
681971592
49254942
222552860
512088135
29965687
643953477
392877941
247991372
902686293
763315020
836490986
854555769
485119696
204124885
696351937
332627818
20454327
310592639
569440372
413497736
781216035
906011252
263662399
360842479
760362858
204354374
532641876
549240755
889364027
621668848
333406903
222138987
723355662
276905724
410206657
637661158
266666248
453569551
148565778
348488468
129134211
815409700
960319241
322290250
196106322
642541235
467935845
489750829
808331304
898306409
588871807
657745328
336548878
631021382
431058644
624136701
590221049
3439527
782565627
137008542
717027628
314595837
994659226
552030333
422927353
292688789
263629188
740901192
905920469
794535166
742066202
216792942
6373041
795807697
539269122
635485946
230192742
524851054
335014092
535481857
978182741
692238002
600180084
859326540
842248833
302693235
932086885
804381925
491684023
810219657
807022678
278795749
640947179
76839436
812888424
822799005
85233872
165446945
243241958
403896912
402092582
828776814
729139956
780551635
156108342
59318686
293663781
96431900
811272344
585786350
738825943
510254198
524348169
717149477
971974056
236900809
6337055
398994078
393172431
372579805
580344593
533905437
693450692
73577734
480998914
3104599
116308446
60803062
134811137
540182322
471198681
284024895
228897736
443230907
742344964
35089925
710595909
243707451
812885113
910531691
753766554
562875675
743084239
483883212
458168455
181899067
450635008
881381418
974913866
693725809
316424980
277217742
479177205
803193196
375836671
180396279
932002203
366920424
697565664
636735711
673782296
839261758
371928599
388822659
328548511
555275609
430191105
760176304
911890368
5982279
308060421
512799985
41062064
861495675
347040447
867435737
20626008
739415655
930074348
624703798
794522935
29888257
701895192
930851014
861202111
715333213
285004808
12213537
266271140
257178599
799297018
310069068
630661227
231011606
370960232
803293693
575677124
641284479
795150155
31885708
229684420
337456259
298808964
834291818
799505367
617089736
623887633
823337099
820604439
598180830
481353228
573263396
163180871
252799678
89652953
346806183
42509559
3402885
859300221
500734317
848157806
836658673
571903550
44440771
448157138
51954673
895969095
880469357
820712048
324225824
481747688
555948882
639052603
52378211
922598853
942357243
113569940
128820707
579293075
567294161
500342151
217587149
278083011
841864233
726288689
453525113
411146521
446383287
490939314
381651597
101835165
442506612
212986531
218203283
274370048
798288643
638457166
984678234
160883954
233756498
672573819
445278338
961061650
667520437
334468145
161831721
807550942
485521917
73748184
492989830
90925439
512102663
323134008
643197562
77641847
517561646
71141432
905396534
579517064
168279583
418363488
380569499
86402688
479498995
749827137
376906323
88102034
923924895
329450151
312248037
396187891
307330770
980279041
987335988
197151882
23206223
367223288
737056510
962654812
221585942
531997201
738728610
844466536
617518376
393621860
734655551
397087855
166488175
654416341
984419393
294143046
557115613
357692272
478835859
410575568
425659961
380382535
61681120
373046743
785339232
58582528
140535764
431277515
464930467
95134710
693125077
992986256
765413957
587522219
219606108
727243200
228780842
815774184
34358607
320616281
696803086
232301120
536305117
884162288
387366301
449535514
960971669
412192979
490087314
208595378
100263560
567371452
507476334
141010064
189623448
310245440
927030985
302553404
840532765
261193036
480333670
705555757
750174159
340657968
889415976
746223584
52238991
504639959
658950315
640946452
121855881
459489201
851252325
120036916
345583106
704503238
375027698
238850907
515321882
744341173
345950477
777581459
950231724
87429177
649807067
71769040
878571188
16622539
77858968
619214721
197195886
288785141
166231610
278751291
87872754
930751227
913050158
303907438
572486079
267985257
996797016
187915037
225638650
723024575
771259233
349766427
339692164
620055760
843611502
183208824
288538974
504665576
216538157
834828325
115408535
55549050
447128475
78398648
120124320
335712216
497017326
178840253
934818352
466150656
113167259
3019783
621742022
968153737
467223967
79835122
447381979
639686488
948904958
535254423
969047317
548252637
197695178
996695485
644300152
334218227
325687441
503260027
605764248
355462079
935952191
54604608
472374132
149135757
685517582
225427621
718386584
616522447
792183341
810487454
757089696
600904687
893507857
277378971
570595585
567260741
373988260
610338093
296071339
665212991
893282690
353443351
656268393
855257464
438830050
817667436
373299288
661293967
594914234
192751235
33332212
649512607
847300628
337989486
168923669
517901979
546074343
549804277
921612111
225914331
301023948
562373494
428963282
395417143
841780342
894720126
339538661
408382583
427559173
422883946
22718459
663180235
682735211
206468444
130884604
99750675
78554408
664267977
107881732
180042822
910666567
760354047
111966880
44487452
431962327
439463505
580968513
661424643
385698896
49632874
333002146
467066107
186889855
410460489
903644161
778889854
117953317
981635550
541243744
294003684
652204542
248459144
499136383
33723575
676581275
390410177
637181899
547166093
19330880
74274142
7891488
215507551
899095075
735157389
515021292
46874286
467091794
848748389
131004615
386574972
731966298
401573036
797155950
702467493
98646066
5326982
233490620
387785484
685410631
875094251
861411553
91083520
104226285
639738494
140202832
617095076
843931560
913691709
981662800
665334348
151456320
405507240
486534452
670593026
534580956
249307476
575879527
359739184
237803778
156077894
280409885
186965585
268434713
310161774
134448572
922605772
94596021
397253928
19306369
919598167
149836017
384266463
213385845
96130495
825458848
226187126
70358348
454873888
363963300
234390214
129292273
950745262
100847587
52103795
174480862
359694946
980114194
805857190
67348022
879551465
134676029
74575611
265550138
823584336
136132328
229690749
178055589
821755221
455666285
756618119
610466874
160910822
113757398
685088158
124864246
253074149
888571158
271011951
570719148
660422437
499345
415805242
131620091
374179907
953465419
413595130
28596123
309627730
381137914
756515334
685084959
434485892
547711993
930360060
106653598
773611124
645793453
415971729
307161859
47066286
915494851
676256014
907891381
969074302
440810696
980262174
358831216
786030908
515160670
292259351
316971284
388135172
485274681
904187704
172080508
22178199
275075952
185620049
546284297
11736082
62234745
807635649
926243433
178341602
158381745
527905883
382484787
796753316
22037825
358256021
953899107
930251763
520890468
766979447
920390829
564640609
488928885
842719525
887035665
881143889
537160188
136150086
731257988
944553967
124474142
751202862
408044975
739986568
582771362
584469726
55800695
248845190
125843395
470893474
362999482
771879171
708060824
13827270
278089956
691403167
898673768
6714367
405682253
42116261
49810513
550902644
589296093
462798063
706228891
65615173
104455290
947203624
761284659
329580016
731914356
698447415
484974602
96376393
334716753
709983315
112765349
156441553
140165686
684955584
646493500
51935261
770308247
507294481
485942570
467849416
930531546
781187806
971542702
67409702
514764406
170607845
340758266
598685145
570172021
608882859
452424572
604867665
945816125
994954925
224223574
659703342
714690078
202547588
892169115
587674726
672687007
621855364
663255631
472794321
484942669
340199315
920397099
1664035
635235527
868629326
6644385
361702574
777974849
559914799
39755068
528948387
493298319
106094150
747356575
415743906
38774285
290059828
546267286
758053233
433531436
154823682
685523023
747244178
110962388
370842451
269978523
332833133
166688228
596059493
652837578
14253236
631072289
627984005
190685325
313388690
417290415
963845695
186817037
504869694
23154503
512406125
766857219
794039818
623407150
882068918
943918062
771510472
316582034
986496967
201384483
747541999
930070656
914256832
830259415
935800342
674765271
619129398
996048923
481355239
240720649
2989837
457173039
863953182
105587538
915577894
874384607
448638178
213670732
420905463
399670120
329479910
397254298
476649097
77206349
540246859
353146291
200273065
749731021
411066551
481600151
480801659
514381218
781123420
129166728
370593972
455241563
624360854
706705869
333339784
214509160
968267600
963221022
575177642
599578359
299161944
7047025
247339565
777785255
273900040
169041434
225909565
50388450
231177220
328793352
955341580
907628552
21718166
763985133
347049500
893440832
181841581
51479033
136304819
160791559
894946297
132420182
539969111
734442882
563042740
370942211
657880135
747779889
6298245
375802671
291511933
682143734
794417442
182514181
494749115
804748286
524591251
666619134
543063682
692596910
869095095
32200576
647645790
425499168
18517226
27072532
290813909
312719915
529751493
641790717
654036285
483988344
391645803
976785062
866410448
956657967
724760934
104108278
859519686
589980692
278709315
354693984
219222445
627786678
574799447
381127153
17831924
73373093
76858365
798472341
663727075
870095563
805559226
379573266
105052971
539687014
685957140
95721636
180161665
313511341
130714339
26219029
756371081
707120634
992827852
331714570
55933343
14185881
678917567
578766682
171823408
827674703
290756938
911449885
638946702
764649970
813508467
327899058
245058269
473470791
871643360
84631064
763926870
59165611
414310667
591740666
279227177
573614229
399605457
80833052
474269485
963139291
682515306
97955161
119988843
304500673
48123259
247761230
885203626
950901451
980397627
833526999
437024364
655866099
291133350
336059237
591526620
550831648
84391261
458116943
687447814
161664236
5457938
371073594
789136675
685700829
4660939
92074809
716725493
46929092
990411440
337144420
949164041
998826073
629991204
828525446
716803738
3104910
995076545
820913246
747417725
258182472
958077384
62123626
443796761
286775370
325186976
844664311
865834856
163764117
633688487
862310578
429328055
402141279
402266243
927576317
537769840
594148906
418394131
506900526
803747205
570407297
67681920
189238031
858559959
546707941
598601866
699395720
730331094
359256159
435669374
728974794
611005532
480127202
105350343
897044955
427606200
717336667
10627831
286265078
619682300
306522291
296145675
661548470
651839258
422181403
736072876
417738623
937012678
587776327
268419084
982579031
544409251
958661050
269494959
509151666
163567224
482683653
243133680
169058582
46856866
266846885
450035264
93838169
160018140
303387203
753830491
782085398
440817711
708985318
902528903
855114548
43411893
196689789
835430200
430639520
487357698
821138207
279708763
557664022
409309516
133059550
583790948
958396930
542789498
400939731
320169294
459699766
728650653
499665986
314427504
787530725
413105776
467465453
719283808
306842701
330372248
844258176
802284448
737069691
994761572
681812007
817500751
481340064
888916107
951490271
747110385
826524483
278347570
379720703
341030275
495936709
10954626
544318613
715697487
177003941
908589661
676463090
369884564
629989949
606794691
245195495
293538160
782735411
875024420
226798320
688899800
811228322
42265428
608290285
536914522
223975354
332916900
337451459
776493238
524938906
640071081
151388400
592196050
515312487
732162898
857322313
570287297
494167260
509825549
659759404
318571056
795111818
390545528
243114987
195038762
505410702
240399891
646562139
875268326
957222725
470454547
848218931
494167368
106380881
985074380
332187092
588938840
21405667
669119172
628497375
605436294
876507892
667250661
886529502
55558821
122416230
423794302
349473191
928977934
734503539
540175409
640274989
950455072
317930686
34925502
989699939
264945028
152632425
823753874
656953543
996810468
986748240
83099357
783759563
866378187
263069901
944000326
644178619
116375586
59549869
70681598
149059549
650233282
684276285
909362981
451276763
660158449
601764965
862069606
648475312
727985270
468483946
602986364
757011497
404430016
51592770
190842582
788341933
361433469
170746983
910999746
225457853
931491953
388591824
669800213
787559433
640350657
996524957
59259109
570878753
274467953
456040040
606260258
350692989
507679869
563870915
102111466
904897350
500465373
349108018
339726083
80878796
353746229
605437526
329509862
121192198
8410119
11025685
860691718
853172622
407930668
362002737
559488745
587626514
245902049
168899472
384178858
872348839
959625546
186611974
214587029
391721270
493395425
607534070
693072942
60522439
834329200
935669896
680363824
552756919
964271035
515108258
595440923
781229931
386811920
61869820
696002958
713876258
931738058
710938443
31406457
741854002
64859152
951001629
215367164
410750470
907829000
311953516
616371979
757001624
74838639
872978078
714360558
750905582
294442972
316922511
77854848
190133589
587624572
108071063
3354078
280451859
6067959
583984920
675919323
903102364
852550753
500654362
598985747
313940700
798364097
945446834
769951618
989948371
8598893
988054607
296916624
172366212
478175601
326868403
757973517
761408278
976489642
110449516
302949899
825227818
16606982
485114232
175056600
438837016
456359250
759078336
808425597
638867864
175492932
463398134
564042108
208625049
384154659
782151443
633033885
100912869
523998576
746300893
729339742
780562918
279063330
972587087
321882447
737681366
757203506
472403937
245906396
115082987
619419291
278055781
2755971
448004270
432431544
734481307
661317929
988014053
560452757
202533207
317997145
932180312
164739062
289148939
711962494
668543236
75608836
987430204
290177180
892215742
329051030
317934256
831597802
240440104
256831610
582733121
836676788
934948452
895618233
551818154
131845455
749584021
1002991
763609478
587500390
228638515
431259344
753459328
592234769
513651244
404425467
310008320
595405859
141776626
785747264
144295741
280402325
869840640
639114848
562342390
258851362
926969151
133270773
70111902
481300716
578447085
13949893
890261509
905970940
259880473
620556717
430790041
616440274
574816703
682900419
876690634
750446658
911427376
177892952
105460683
755803993
727136271
373631268
147149975
285355964
311792902
346956631
601212195
929577369
290665392
368502717
546581081
226911055
618172590
797426119
153176570
571962701
970944561
987689253
325578606
130265208
195934536
487952200
129906745
238622183
488509084
977999083
781129338
912106980
704665032
488880821
958570797
976061116
315548686
245846497
977312435
327476170
239603058
675839263
219778057
253169385
359667325
394573087
137820988
746581541
81882198
498538270
824068871
177926874
728378332
723166255
132304514
371184492
108200956
659403626
526158028
581518254
573898253
902919409
96523705
295678127
922932824
79820837
474005790
136378352
773178705
233049316
674079707
273183779
492474939
957914697
675399175
68640430
725367319
506464064
237669448
796916728
294099392
653536151
591283179
827820728
945540403
469034285
567092516
467193592
146814710
228091611
507387749
247453148
162443106
954925367
502463314
165796246
489382694
815849977
281753681
233275133
529332021
833994490
28622998
637337086
68866113
108470018
886159732
288809615
249371604
776911747
370892690
783583070
125496301
212704992
40989035
478897404
269567079
850915730
151969709
802565721
786371376
162192171
845141177
845503061
44330592
205851401
572172649
493800922
272824423
749976249
982336326
567077363
236774087
764872633
745813731
333876651
794770183
652162573
803452650
123695539
855248385
954223197
435315718
442008223
148163007
356267218
257198281
133890354
488685511
989121252
389255479
318816048
129199131
397895731
853087973
802595120
344163582
458868820
720277938
549119419
942430721
840888212
781301741
73648003
557322064
638189182
180623457
187425229
563870843
489239625
372513860
988918208
535440350
314013139
91535216
154624710
23751319
126318193
844388603
130699547
195998040
713805263
880006285
58743533
434668480
275108738
667269105
912113195
653554078
474458264
502770257
919646026
221297538
927221977
912022436
850724765
267653247
563804214
551289991
4342298
646863896
646283588
227404764
120046934
11151277
416524856
236851544
275032147
89783793
625659720
753264899
267639493
396504695
542010640
520275176
237257429
466435402
405820761
930779155
488120163
480725476
254644807
961664879
199221920
818566738
211762966
290100672
584436710
268570069
766438722
477666741
434244850
258497644
821418255
894644220
60742331
880138786
405408829
417591811
962183256
645182431
606103677
110998616
217254088
527972205
76100397
31621235
205861138
994867532
681034213
554888513
751493905
880981944
367242561
34582400
355431351
606133201
797914619
114879085
726842839
382184350
749900349
961923792
462850917
440352811
635851397
261656100
306763733
476905869
429798684
499220438
379130398
261490766
951957910
274596395
92899563
263505533
106947598
834961067
479488512
548149621
411323252
283950525
664657823
7221033
103377563
797466708
78931667
630493978
399270204
681288324
991070347
858388041
296151223
939575170
220209257
849216959
716153307
760587576
642375455
83244596
467022865
992606827
17313505
104487625
259145656
830437398
497457905
459855104
95790899
996273319
513602625
794214223
852636208
184354236
181180295
368983267
96146624
884973218
943180516
481413653
207762018
3337309
475723091
270459413
43700852
106043474
600427970
34423402
40319024
660916393
108209289
757883493
780302590
480058616
747055762
179861475
199089837
293734820
495587876
246802700
450502722
285921062
592195649
273968784
957682943
223414902
396479465
979307979
940985276
623474355
160240773
820849559
691771562
883881463
733246757
704203222
400725113
253466994
87596635
597793996
797833618
950825617
230049378
856245435
113296829
4569706
258031859
837245442
320521084
90158520
755636917
122722422
946354855
392265060
497320594
798539918
910477635
134872983
699687784
336384135
34867336
449374870
56418406
216256867
697406915
366193365
344845529
687704461
598285681
104131505
373313208
960958924
767470247
749742301
863929184
167425719
178373430
331347027
521400662
553344626
579885991
521899057
94435601
638755743
241680736
327289768
970587628
850887394
860960533
510243491
530023837
125905162
181453773
600609838
646963838
683901140
418490152
659647222
639435210
110453330
693933395
9666316
750933421
149598827
652380287
13785639
95940066
231055521
970967267
168682155
389959499
219046022
264431263
849783990
635580490
333391257
20378502
627416563
215126303
384923712
623880958
922974615
899396479
506600553
491019999
815043571
917449990
785557722
468723086
490292616
741214364
904300429
632674974
386017385
937836731
623126761
416203448
492851596
49088572
371727634
71106349
270457835
672220859
845278672
304927449
351265703
5837038
859867741
33839228
8522811
1402491
712702207
859227596
858027087
543885438
347925650
583967055
476581571
352675713
770124652
488563497
200704927
94884766
826648793
157380313
664994934
470680526
14209916
173180396
142428650
299761439
101484992
997200897
396142623
278902662
145680974
876483206
116998547
49976640
562550961
676229301
254709606
57250804
358181308
439171317
918197152
927680957
951799454
203387730
788056716
194598299
606215490
746301399
802962973
823293084
802210165
981345023
675404342
838907651
313123778
409768449
853651131
60014255
997711937
756140250
279708854
236518796
908940231
724048291
206704583
847497185
896617971
552616993
609225991
49888865
505938128
773097871
917268205
113720181
767167757
809247262
594571258
64522796
117992312
807038260
707075514
908485930
732581968
526042112
953809485
907950942
27569982
55241501
781388318
698462010
559641369
730344688
102231513
854977043
919910914
10348139
765439819
773581816
4308904
657722711
878805276
451446390
649748054
656142913
677524114
514920436
870814353
697060792
177754991
878500686
675854745
404560241
347395385
546680788
496640681
248700103
123651851
372354123
5467317
248975412
600770012
687400783
307899244
39055756
975865102
90997690
522674237
620592533
24938441
837003288
12157709
113785590
469407803
619335329
193669174
942566669
919129122
609776109
452637951
672024333
581521394
156991114
470787443
469082949
308823513
111671346
244031597
523879303
750131449
505916881
129834782
782033695
625607476
670612862
352080151
840090318
950959861
363526648
314292092
112859048
192708665
960529778
731224869
939047211
13301413
265964204
415365441
905336309
104404567
933947696
208923680
2959531
452211983
986822341
88164271
549827776
946325300
633638606
480980626
265796975
560025767
484004915
635723205
618054256
875620925
107316178
699371351
463174851
34494337
693420406
457804529
545691293
662998036
961605053
923177784
54319675
707963619
946521437
740187503
817466663
984847924
279919376
49410864
539615406
158594468
312830792
95634283
721522033
625503356
865814385
204660852
387815103
856657956
466152922
540580681
447917313
685021727
684918445
299129309
388555834
651817615
924577889
732824517
389175927
631542702
530604224
718174058
748417571
694020566
213444969
299713252
166339267
906190130
35325217
316372303
378421364
682259837
117677062
391417353
319736354
87919158
558332479
501211397
24733729
433783446
566143797
571990697
185476823
404098569
841670352
814943469
53968839
845288243
238709825
291035857
101566807
679216140
826623164
63338210
310349859
614682074
498557729
805017127
196562958
427700414
118658839
631955033
80173778
575484457
560234006
319400
308875510
207286016
325572891
188141654
655227927
932692164
121105738
785633447
892481025
395830644
47674007
897355775
62488007
983071495
331074042
104606229
2783126
270935680
619205496
95286209
424649033
776134343
286672810
634482090
319023949
265271105
62387502
610924228
737869850
387496247
11131156
661017363
439799243
115590456
651427002
263233523
79041411
491661552
640602432
793405849
66868361
396445531
104753865
265719607
228241809
873549802
949331849
816128466
535426729
879626305
941906399
212562443
871944342
40977401
230924569
99834174
193140898
736731021
389956851
782832449
722864759
674454321
5978660
555696643
173326547
988329437
969777395
843153437
856320725
82440144
610615779
908126473
740467672
740291127
738484480
946684770
167718884
632245550
415806268
855407465
828890399
930516390
933895015
992105166
256268732
144615877
97005067
902194488
739524074
881075950
232616592
406495779
71130409
579491396
919083165
558918944
1903456
631183416
257358550
193579701
760917922
39070449
989834194
305054937
53236028
236047516
753449868
207810737
486237609
853056644
737327164
932979156
671959794
117260746
333935747
833912765
204912430
697225449
280589618
344107297
285643998
280399656
892829158
288014687
147519933
719200019
261455070
268523031
12721921
584134103
72285205
279651263
815958798
983001832
330938188
689944511
422566205
543542774
134033325
162835396
466344904
184266897
936814682
51087310
462685594
895829621
773640993
604212246
838824434
