a=[1 3 5 7 9];
b=[1 2 4 6 8];
c=a+b
