100
50 54
24 15
28 50
45 59
87 50
26 11
94 18
80 53
72 46
100 51
8 13
54 38
65 73
2 83
40 74
97 12
67 13
88 18
51 45
91 72
8 15
61 46
43 92
93 78
36 11
15 24
71 87
48 30
15 9
14 82
38 20
58 55
98 80
78 25
2 13
17 38
49 63
74 27
77 33
99 4
2 91
4 78
14 2
23 57
57 10
71 68
49 90
4 64
3 13
70 16
23 93
66 31
98 48
71 98
68 29
49 15
38 99
27 78
58 1
45 69
44 72
57 95
64 63
77 11
76 43
70 90
41 100
15 40
100 61
97 83
58 49
71 64
57 5
54 75
61 89
98 67
56 27
92 2
49 100
49 67
29 41
58 35
51 13
51 96
87 84
67 84
30 13
30 62
66 42
64 28
91 64
4 83
46 19
77 75
61 51
65 20
89 41
13 47
13 9
1 31
