100
94 35
89 67
41 9
27 70
60 84
12 85
98 53
90 83
58 10
30 67
88 11
4 72
87 77
33 88
82 38
29 66
47 56
60 100
11 22
64 74
23 25
94 61
42 69
97 27
15 45
33 99
24 8
25 73
13 43
93 58
69 93
53 76
82 68
90 43
5 31
35 29
34 20
67 45
7 6
15 76
34 79
72 87
72 56
47 1
15 21
39 65
82 100
14 30
83 64
27 59
14 39
89 48
83 27
17 45
36 63
62 72
80 19
7 3
76 87
52 3
39 7
32 53
29 24
46 56
46 12
1 89
32 3
52 93
100 60
75 13
41 54
36 32
82 53
43 79
36 86
62 60
64 71
58 45
52 5
17 66
22 62
41 80
70 72
8 49
35 2
56 55
75 3
94 55
28 18
73 11
36 100
82 23
96 64
26 95
54 7
33 91
9 19
80 28
62 47
18 85
