100
21 61
69 83
30 68
47 85
2 82
39 6
41 10
87 15
98 18
54 20
58 40
100 3
81 52
4 46
76 99
11 84
11 20
18 18
85 25
64 34
40 97
77 17
68 23
65 54
88 10
46 76
88 57
61 23
6 45
52 89
77 12
74 12
12 13
45 66
39 97
4 83
27 99
33 55
19 24
95 98
3 39
63 40
42 19
73 16
11 61
17 38
68 67
99 41
41 28
43 32
70 88
22 39
78 79
1 89
26 96
48 6
63 85
2 42
20 40
20 2
27 2
82 79
97 50
93 83
27 83
36 48
10 94
32 95
99 40
14 8
13 17
95 88
23 32
43 96
4 90
24 13
7 32
40 58
62 36
71 95
93 8
65 30
29 72
2 1
80 40
71 64
74 74
91 12
11 33
15 47
48 5
88 41
81 6
85 8
61 85
44 2
19 72
5 58
15 73
73 43
