60 600
9 39
50 55
6 46
36 22
20 8
1 37
28 40
57 19
48 47
14 9
48 36
55 19
22 36
53 46
14 37
57 56
47 23
47 24
28 11
34 19
52 46
6 32
7 44
45 37
19 11
38 27
44 15
42 46
16 1
13 10
56 13
17 15
20 30
16 10
31 58
29 23
33 3
3 5
59 23
50 53
3 1
12 15
29 54
60 38
3 8
51 56
14 51
14 49
10 27
49 59
6 7
40 33
54 9
12 37
23 8
26 19
35 25
9 21
42 46
47 1
30 18
20 41
20 7
19 60
28 46
3 47
25 11
11 33
47 22
7 51
3 44
55 35
23 33
11 25
6 35
33 18
42 48
50 21
28 30
15 48
48 60
56 44
18 51
36 5
32 22
28 52
41 15
7 56
40 56
21 14
50 14
1 44
44 57
41 5
50 18
25 51
10 56
53 8
38 59
26 17
44 60
2 20
16 35
27 21
51 5
13 24
13 41
34 9
27 20
15 8
52 45
37 26
8 59
41 10
36 54
4 5
29 58
28 31
37 52
45 40
25 42
21 28
13 43
28 59
58 41
17 57
39 58
7 34
32 19
57 11
6 20
11 28
15 10
50 17
42 7
32 57
59 30
41 46
25 8
7 35
14 28
39 28
39 32
54 49
48 10
26 31
45 32
33 25
44 16
9 37
40 1
10 1
41 24
38 46
25 27
14 45
9 30
46 21
14 13
17 34
21 7
22 8
47 10
44 33
54 1
7 19
14 41
34 7
20 12
58 57
18 37
5 29
53 46
17 28
42 24
40 9
58 34
27 60
54 15
60 10
8 40
46 35
8 47
13 7
39 50
3 30
23 29
41 24
25 32
32 1
54 17
28 26
3 28
44 30
53 42
15 2
10 1
33 10
22 19
5 17
54 19
24 45
21 47
4 9
18 44
23 29
35 57
31 50
1 32
9 19
5 15
19 8
44 56
21 23
40 10
60 26
42 10
50 15
54 35
8 60
18 2
18 23
15 7
23 35
58 42
39 25
36 22
51 17
19 2
12 22
59 19
40 33
42 15
44 2
12 49
40 50
43 27
50 7
44 59
60 19
20 10
16 50
48 28
3 55
26 58
4 15
46 50
1 2
54 3
1 56
50 26
21 33
36 42
18 38
13 49
60 26
50 17
54 21
60 48
20 12
9 4
44 7
21 27
21 2
2 20
12 56
28 45
53 35
13 47
6 51
26 21
17 58
1 37
45 46
13 26
25 7
1 56
56 29
53 27
46 7
34 56
30 51
43 18
42 40
19 11
43 58
2 29
39 5
23 18
42 46
18 12
60 39
9 13
16 33
43 19
39 34
57 15
46 2
28 34
45 44
59 27
14 9
11 38
38 54
50 48
38 5
35 20
16 32
34 51
8 21
5 29
52 47
40 54
1 11
37 27
31 12
40 46
36 28
29 53
9 20
12 37
5 54
16 15
27 48
49 55
34 2
53 9
51 24
40 11
39 14
13 55
53 28
2 42
10 47
45 23
8 54
13 9
35 42
9 44
52 7
49 56
24 48
7 50
54 15
11 9
5 23
32 55
35 48
33 42
8 15
24 47
52 7
35 18
49 60
2 36
46 56
38 35
22 37
1 50
18 53
23 42
35 6
11 22
29 22
28 44
7 57
56 46
20 9
49 33
15 21
27 34
12 19
31 8
21 20
7 55
10 41
47 45
49 36
10 47
11 36
21 25
8 2
12 6
23 31
45 20
4 46
2 45
20 51
27 54
5 19
10 55
27 58
49 18
49 14
50 22
52 51
57 45
48 18
1 31
40 37
33 16
48 17
6 49
58 14
39 33
38 43
56 9
39 58
12 4
19 47
2 59
39 44
21 38
36 51
52 10
3 36
7 17
19 15
23 49
57 35
42 1
51 38
25 22
30 15
28 43
18 34
34 30
38 55
46 53
29 19
11 6
11 58
57 60
29 11
49 19
17 16
29 51
24 55
38 34
12 45
13 19
58 8
54 8
35 27
2 45
38 25
46 34
27 53
17 42
43 8
32 6
44 8
41 2
23 48
5 42
5 42
60 15
54 15
37 36
57 55
24 42
53 6
14 24
37 44
48 23
30 54
16 11
32 59
46 56
33 40
45 10
5 12
12 25
39 17
1 30
30 17
9 40
49 29
54 20
32 22
59 34
17 47
36 10
28 32
44 27
10 59
57 59
18 13
11 25
44 53
16 17
43 9
33 43
58 7
43 5
15 55
12 46
29 35
20 27
54 17
49 35
38 7
15 48
39 20
9 39
14 24
38 7
37 48
37 3
23 32
58 4
3 51
15 4
17 54
48 33
24 45
15 30
50 29
32 57
4 9
50 16
23 17
13 8
39 53
6 9
20 51
46 32
4 21
54 23
18 52
40 53
38 28
45 43
43 45
34 60
36 32
48 46
60 55
7 59
30 37
10 29
21 56
45 15
44 9
18 1
11 56
33 19
9 13
56 51
44 11
40 18
49 13
18 15
21 36
14 13
16 11
55 36
18 56
49 55
5 7
58 29
49 14
22 56
32 23
19 17
22 56
26 22
34 16
52 7
14 56
37 52
31 19
44 21
52 53
42 51
30 8
6 48
58 46
56 14
3 45
18 44
52 3
40 56
39 54
18 28
56 5
57 22
23 41
26 24
25 58
38 8
60 19
15 4
8 9
33 47
30 40
46 47
57 20
19 41
48 26
