70 7500
68 69
5 69
61 13
47 10
21 2
45 65
49 12
30 54
2 50
3 32
16 53
51 52
30 29
42 25
27 65
21 44
19 6
14 62
54 63
36 6
39 23
9 53
37 59
61 70
27 61
45 66
51 22
47 8
49 34
60 13
40 27
68 24
35 39
35 24
2 12
65 70
9 49
18 5
46 19
17 57
27 4
26 19
62 32
43 46
33 15
55 42
26 3
54 33
4 32
39 37
11 58
16 49
38 32
17 44
44 43
31 57
55 4
54 47
41 68
37 67
10 17
64 67
23 17
43 21
13 20
58 19
59 44
23 46
63 58
61 31
26 41
47 48
21 22
27 13
59 33
58 48
18 27
44 8
60 9
28 13
21 54
24 61
2 69
63 49
56 2
57 16
16 2
31 21
26 52
42 15
13 69
47 7
14 49
11 43
46 18
54 13
48 10
42 65
49 1
23 64
49 64
34 21
1 70
11 47
55 6
1 61
49 20
54 41
25 23
57 6
49 21
49 50
8 40
35 46
16 8
3 16
62 68
29 25
59 3
54 68
50 45
41 8
51 33
21 16
59 26
25 6
59 58
33 13
13 59
15 27
57 2
16 14
62 21
2 69
25 5
65 11
17 53
47 33
15 42
17 54
68 45
42 50
51 67
16 30
43 68
44 66
19 33
10 50
40 38
32 51
30 56
64 44
42 62
45 34
16 68
47 34
25 62
10 38
44 49
62 59
30 43
38 33
25 57
31 40
58 47
2 21
25 56
56 9
14 48
65 29
65 58
55 61
7 53
53 33
62 45
5 48
7 62
41 19
53 43
7 29
43 7
54 8
23 42
14 53
14 33
48 11
7 56
55 19
70 43
44 27
53 47
8 6
32 14
49 16
6 43
10 25
29 2
50 36
35 24
12 3
19 17
4 59
24 18
52 10
38 6
38 42
68 51
55 38
45 38
67 20
64 63
66 15
46 54
58 66
33 13
28 51
57 37
55 23
70 29
3 40
26 31
21 30
54 60
60 62
13 58
23 39
9 4
56 52
30 63
11 19
18 55
55 13
18 43
25 51
64 15
4 39
17 55
27 47
45 39
54 3
29 48
43 21
19 53
36 13
11 39
10 5
45 60
3 60
3 52
26 40
69 34
61 67
55 67
11 35
51 38
58 68
13 11
64 28
40 20
70 47
69 14
69 8
54 44
42 21
26 57
4 51
7 18
27 25
46 54
44 67
25 27
34 31
51 34
69 57
70 53
63 39
51 37
51 14
49 19
54 8
14 4
52 12
64 49
50 57
39 17
32 9
42 41
14 16
8 7
38 66
14 15
12 42
45 36
41 13
20 7
39 55
20 39
29 10
13 21
7 67
17 25
65 38
51 5
35 59
51 9
46 10
54 31
19 30
16 9
53 65
40 23
49 33
4 32
64 7
1 60
20 64
32 54
47 59
48 47
40 4
11 20
34 47
41 29
4 59
29 56
28 43
69 57
26 56
56 47
6 63
55 19
2 64
64 51
53 37
63 29
42 8
53 36
41 30
53 8
57 41
63 19
14 54
55 69
57 26
39 47
28 48
26 70
55 69
30 12
8 45
41 6
19 42
12 2
39 7
69 57
62 51
47 68
56 43
55 60
8 4
64 31
41 64
69 11
69 30
12 57
42 56
47 25
40 7
35 37
59 11
62 66
69 42
34 63
61 66
30 3
70 56
52 62
35 9
43 39
69 14
11 44
16 9
19 25
26 65
19 58
3 59
64 57
10 8
53 21
36 15
28 54
2 7
37 59
44 1
36 50
44 56
56 1
8 22
17 42
14 54
56 45
42 69
2 30
26 46
19 68
69 67
30 16
8 37
6 63
49 19
10 24
68 67
60 63
48 37
63 12
48 58
43 19
24 39
60 11
41 51
67 64
28 56
35 51
34 30
40 12
15 36
3 37
43 64
37 21
24 69
37 4
32 24
51 38
56 69
57 44
32 37
59 64
15 26
44 65
65 37
62 8
20 47
62 13
26 56
30 42
56 7
57 4
8 1
15 20
18 58
47 56
58 45
17 15
45 21
24 43
27 46
34 18
12 46
43 3
41 24
28 36
46 19
60 24
21 48
32 24
18 41
26 17
49 29
48 29
23 50
1 19
36 47
62 54
29 5
46 42
37 34
44 6
14 39
13 21
35 1
37 24
8 49
1 65
67 18
18 22
39 58
21 60
68 30
65 37
70 31
8 21
45 47
8 44
58 1
3 53
30 24
7 42
66 46
58 62
28 41
2 46
3 61
41 67
52 14
22 64
20 10
5 1
55 23
62 50
57 49
15 70
26 46
67 51
15 69
43 10
10 5
24 54
54 58
70 37
50 5
40 49
6 56
70 6
13 54
19 16
35 18
55 6
56 68
51 10
31 11
67 26
34 38
7 17
42 61
32 39
9 48
25 36
7 55
69 28
62 21
41 21
35 10
27 37
32 15
36 37
12 46
24 46
56 3
40 22
27 3
7 45
27 44
20 57
67 39
63 36
3 47
35 3
3 13
64 57
66 57
50 35
24 58
4 62
26 61
2 16
20 6
16 53
28 17
63 29
34 36
42 14
16 24
16 35
61 46
52 65
50 13
39 27
61 38
67 44
3 32
56 26
8 63
15 69
63 47
40 57
52 64
10 9
46 57
61 57
21 55
3 61
2 29
35 11
6 50
61 37
64 51
38 14
9 66
5 6
26 45
62 15
47 31
8 21
20 21
40 66
47 44
4 51
44 31
25 48
17 40
41 55
16 10
17 26
60 7
47 34
46 63
65 31
30 70
52 70
46 25
35 60
48 11
3 34
69 45
61 29
7 21
28 6
35 7
59 25
48 32
18 35
16 36
38 46
50 21
23 34
30 38
50 10
67 34
70 29
8 44
39 14
4 14
68 26
38 25
56 69
40 59
59 42
8 53
6 43
36 43
63 38
46 21
6 62
32 44
54 1
47 13
41 44
34 43
9 6
34 22
66 55
17 47
19 24
44 62
60 30
48 34
40 18
12 6
66 52
31 55
20 64
13 51
64 61
4 37
36 20
47 14
65 25
32 37
20 27
11 46
16 32
50 19
40 22
34 3
26 52
27 19
6 26
26 48
37 11
60 26
70 61
54 11
4 55
1 38
25 9
47 40
48 51
69 32
33 31
66 46
22 30
51 5
68 46
56 66
23 14
43 23
64 57
18 38
31 63
16 68
63 9
41 66
19 11
15 9
56 17
8 27
66 42
21 67
67 8
2 42
33 50
44 70
16 29
57 51
18 60
57 25
52 25
31 70
54 38
45 26
11 3
35 64
42 11
34 9
56 2
39 35
67 53
31 27
54 48
1 50
58 13
35 59
50 69
61 10
65 43
17 18
41 44
6 46
13 42
24 54
37 51
52 47
9 22
64 27
39 22
33 70
40 24
63 12
12 16
22 51
17 2
14 21
22 29
63 26
62 45
11 49
70 59
18 60
70 35
28 47
12 13
50 44
10 49
45 67
53 30
62 11
64 2
53 46
3 43
61 14
7 42
58 59
68 49
37 39
57 66
66 40
2 61
31 28
32 30
54 66
52 57
23 32
65 53
61 26
63 33
2 37
67 22
65 67
30 23
60 34
44 15
57 69
21 53
36 12
70 17
34 21
50 31
18 14
29 28
19 41
37 13
32 19
35 9
25 45
36 20
40 39
24 4
36 9
11 51
52 33
37 15
43 23
46 33
66 28
21 46
45 9
62 1
42 21
66 54
2 41
24 1
42 31
52 41
65 13
48 19
43 11
47 25
60 11
70 26
67 18
29 7
55 19
30 7
50 67
39 49
24 46
3 32
4 7
65 20
48 66
51 2
33 21
41 57
37 36
40 24
24 22
62 36
47 13
55 47
60 57
64 21
32 60
26 33
47 57
8 5
17 70
59 55
50 46
34 47
20 41
4 67
45 56
16 67
26 28
34 62
24 16
29 70
62 64
7 24
5 51
40 30
49 31
25 52
49 37
17 36
18 13
39 45
56 29
33 68
33 59
40 45
33 7
51 32
20 63
40 25
62 43
65 48
7 5
43 50
69 20
3 19
35 38
14 26
17 20
26 58
13 40
16 8
56 24
45 46
53 22
60 29
1 69
54 15
32 50
15 61
44 55
12 43
8 22
40 46
38 7
29 65
34 55
57 16
43 56
6 7
1 4
49 63
28 41
65 42
70 50
69 63
17 52
40 11
50 9
60 64
51 63
9 66
57 55
19 12
2 39
56 45
68 66
26 11
27 12
16 25
58 30
60 31
15 7
5 11
36 29
44 12
59 11
61 4
51 23
48 37
60 52
15 5
56 3
51 37
60 53
13 5
8 48
2 52
20 17
26 24
26 44
32 21
15 52
45 35
62 45
9 23
50 37
25 7
53 12
16 3
31 11
14 3
25 67
64 9
5 49
29 48
65 57
18 51
14 24
12 15
24 46
60 66
48 5
51 46
40 67
33 3
25 66
66 27
18 24
49 37
48 1
12 49
43 12
57 52
39 7
49 68
50 49
50 14
63 42
51 50
10 24
17 60
61 52
31 24
32 35
1 55
56 26
69 27
4 63
28 45
39 46
33 1
45 4
43 62
45 68
18 4
70 7
55 53
16 57
60 29
42 54
26 53
38 19
25 7
6 57
41 10
26 13
33 42
33 26
37 32
14 48
25 45
36 56
34 50
17 30
64 20
13 51
32 64
53 6
17 23
23 54
46 34
48 25
21 18
57 29
6 63
25 9
29 40
50 56
9 2
49 32
32 54
32 30
65 40
65 14
19 39
45 17
20 16
24 61
20 34
37 67
30 28
2 3
14 55
55 18
26 15
66 14
26 18
1 44
52 23
43 19
45 31
17 13
28 67
3 39
44 30
58 50
29 8
56 58
19 57
52 56
20 55
52 8
41 48
41 15
41 32
29 9
25 15
27 47
6 9
20 47
1 58
57 56
59 11
65 20
22 12
65 15
40 20
30 33
13 67
4 8
70 16
4 8
51 68
34 62
41 60
54 53
40 37
8 67
17 13
6 62
66 12
69 16
69 58
13 64
21 42
9 42
53 27
53 37
42 58
51 36
47 54
30 59
9 63
38 3
39 35
56 32
63 55
22 60
50 61
14 65
24 30
13 45
64 43
61 37
32 69
43 53
49 52
9 29
15 34
2 63
32 45
66 30
70 21
52 58
32 15
15 6
49 62
56 7
69 20
17 2
18 50
3 8
35 3
63 49
2 3
6 25
47 51
24 29
63 13
10 6
54 60
9 49
5 59
14 42
52 9
10 14
53 39
41 26
54 61
1 17
46 43
69 39
33 26
3 15
64 14
65 15
50 28
53 13
48 50
62 28
44 55
18 43
45 7
24 5
46 1
19 8
9 24
36 46
46 29
22 59
17 8
67 45
5 68
12 10
3 6
42 61
64 60
2 61
38 59
14 31
67 4
20 17
13 70
36 47
17 69
57 35
52 5
13 19
70 37
8 11
30 66
68 24
54 70
28 47
10 27
4 58
53 50
67 44
27 4
51 56
35 38
58 59
48 30
13 49
8 15
60 42
43 62
3 43
17 37
19 62
23 49
39 6
65 25
68 44
24 38
59 62
25 34
50 37
54 44
7 64
36 62
18 8
14 53
34 5
12 62
31 20
4 15
4 57
6 70
37 45
66 19
43 29
58 62
16 40
22 25
62 1
43 56
31 36
34 1
49 23
35 27
9 5
39 30
22 60
58 25
55 53
5 4
54 41
47 69
30 21
2 22
49 60
3 5
11 10
22 50
25 33
42 19
20 8
57 33
22 49
37 11
6 63
34 33
10 24
67 15
48 16
51 17
56 39
49 39
2 40
60 66
49 13
7 16
31 40
43 10
21 68
54 63
67 12
62 70
7 38
18 54
51 16
68 6
38 52
59 23
69 21
5 53
7 4
5 34
23 27
67 14
65 48
65 67
63 61
55 34
50 49
12 14
24 8
65 10
55 48
61 37
11 28
25 55
9 3
15 9
67 28
30 24
51 21
32 62
35 6
34 36
12 13
1 60
27 2
55 20
66 69
11 3
50 23
47 24
4 65
7 17
6 60
25 4
29 10
28 47
41 6
51 65
59 21
24 44
4 16
29 21
65 16
7 10
46 69
42 55
6 58
22 56
48 16
10 52
9 50
59 40
12 36
55 35
23 66
22 8
26 16
70 57
62 67
55 54
53 57
69 47
25 41
41 58
3 21
16 27
23 37
29 10
32 49
47 34
5 3
30 17
4 23
41 8
16 52
53 5
55 4
62 1
50 54
50 61
55 49
16 30
10 31
60 68
33 64
70 30
33 61
28 6
43 22
35 43
3 29
58 15
23 59
10 27
31 68
21 4
10 66
24 63
21 64
40 8
16 25
54 44
3 16
5 8
5 7
5 26
49 13
49 44
63 22
6 17
3 7
5 50
40 36
70 48
22 44
38 34
3 41
38 48
23 65
46 66
32 30
68 33
58 50
54 56
30 22
62 41
50 15
16 55
19 48
11 24
11 3
57 62
50 36
57 2
34 67
40 22
18 42
40 25
38 35
2 17
20 17
68 32
64 57
14 49
54 40
9 36
47 28
39 9
34 47
18 35
63 45
31 60
4 14
13 64
25 16
11 13
48 12
15 36
41 25
63 17
47 22
44 21
60 15
19 1
25 24
33 37
1 23
49 2
30 58
22 38
5 8
13 68
25 55
69 51
65 22
18 41
38 3
45 60
41 7
25 30
1 15
25 14
70 24
25 18
26 18
57 53
58 15
18 8
46 41
20 66
64 48
17 32
67 49
43 59
3 44
4 50
5 29
1 23
50 38
25 51
25 17
48 16
58 51
60 19
23 41
49 19
5 29
24 36
59 42
17 70
28 64
3 47
66 61
1 45
38 69
21 22
30 54
26 40
35 53
30 4
57 45
26 69
32 8
20 52
45 33
48 70
60 31
14 30
18 29
47 42
61 55
24 27
65 16
22 46
16 23
18 39
27 3
6 58
70 20
6 39
8 19
29 16
2 23
63 12
21 24
56 30
67 54
5 25
3 31
32 22
7 70
24 70
3 32
52 16
18 13
14 24
8 68
61 60
18 30
43 49
62 49
15 8
8 20
8 70
42 13
45 22
16 27
43 6
67 6
60 23
32 37
44 46
51 36
56 38
33 13
5 7
64 40
16 63
70 64
1 56
70 47
3 54
12 48
10 40
31 8
2 51
32 27
62 68
70 1
52 16
4 48
11 29
9 37
25 57
65 46
9 62
46 5
18 55
58 65
27 64
32 7
14 42
68 24
59 10
49 41
44 13
5 41
65 59
69 18
37 66
21 47
51 25
27 2
2 8
64 21
29 49
15 21
23 55
21 6
44 7
5 10
55 28
20 5
44 2
27 56
9 43
60 23
69 51
50 33
29 45
11 40
23 61
16 8
10 58
52 33
34 6
17 39
45 66
40 61
69 45
70 30
57 21
17 60
30 52
43 44
19 56
44 25
37 70
58 30
39 56
22 44
65 11
3 66
40 53
62 41
14 56
38 50
45 42
27 4
56 55
46 31
23 40
3 15
55 42
44 61
29 17
3 4
33 34
55 33
7 41
38 24
37 3
55 27
70 20
20 37
3 17
59 2
31 10
44 53
65 69
14 15
39 51
61 48
65 36
4 17
20 39
44 8
57 59
6 61
37 34
35 63
42 38
53 24
9 40
19 42
38 45
52 16
61 21
65 53
3 31
67 47
34 35
51 1
47 57
6 38
58 11
56 49
4 64
53 38
34 55
47 19
17 37
20 31
63 44
3 32
8 3
26 29
32 26
16 50
21 13
59 32
55 33
37 39
21 40
57 5
67 49
29 7
64 7
57 49
15 51
1 20
17 29
24 15
61 32
35 21
65 7
17 4
23 54
31 41
23 63
52 24
51 36
40 1
4 70
30 48
23 57
6 46
44 64
24 32
46 52
32 28
9 11
1 21
11 16
65 59
66 38
4 61
32 50
2 38
15 42
25 21
10 29
23 15
48 23
43 21
42 32
19 17
40 41
69 23
55 27
4 68
25 15
9 19
8 48
4 29
35 28
59 40
63 17
44 40
20 64
50 33
10 40
64 42
14 13
25 42
7 57
41 44
40 12
63 38
31 14
60 16
19 41
30 2
12 40
4 17
67 61
3 16
14 62
15 19
43 41
12 50
10 2
20 69
48 46
58 16
16 43
18 20
5 65
60 32
58 8
10 53
27 29
20 42
22 65
15 49
12 24
11 24
27 52
21 27
47 50
14 7
22 18
17 14
13 44
46 15
41 14
64 15
4 21
21 40
3 54
50 21
54 65
34 44
34 40
61 18
3 63
26 61
12 69
21 5
56 15
64 16
11 3
21 45
41 21
15 37
51 17
23 12
14 27
49 16
70 29
61 22
16 36
44 50
59 14
38 57
27 36
55 36
32 33
4 46
49 10
6 56
21 49
37 20
47 64
47 19
44 43
18 22
19 25
32 4
15 12
59 26
41 53
26 55
55 65
8 38
42 27
64 2
30 37
13 64
55 31
7 66
56 44
69 17
60 26
24 10
42 39
54 32
24 56
9 43
24 7
20 63
59 42
53 16
4 2
33 37
69 17
8 17
26 68
62 67
69 50
40 62
32 62
70 5
36 67
32 33
58 28
49 68
13 40
54 17
4 64
4 58
28 6
7 28
9 57
18 25
22 62
37 57
36 28
65 41
38 16
50 66
8 28
54 70
15 11
27 37
39 64
2 42
28 61
8 27
44 37
32 65
29 1
23 52
30 1
9 7
11 32
32 54
55 61
4 62
2 7
63 14
42 69
9 16
41 53
27 61
20 11
31 45
63 65
8 24
60 68
67 21
33 60
42 22
46 31
53 6
32 6
41 68
14 22
24 51
30 15
38 53
24 35
45 1
52 24
33 22
16 15
23 10
38 50
35 26
47 57
41 50
25 16
65 3
48 41
22 7
38 51
60 59
52 70
64 6
24 20
5 52
50 67
49 66
32 46
43 68
2 43
3 65
7 9
17 54
17 52
22 61
32 8
45 47
36 7
58 20
36 8
53 57
18 70
31 53
47 33
12 21
64 25
13 2
33 41
37 1
28 4
9 16
57 50
31 69
43 56
67 10
34 45
28 52
2 51
7 37
40 38
42 34
17 7
63 40
59 43
66 38
41 10
64 17
43 51
9 46
31 12
37 33
23 34
3 31
37 48
5 17
40 27
48 61
68 32
12 35
15 70
59 39
37 19
11 48
18 12
57 64
52 8
19 10
11 42
6 20
6 15
47 13
19 64
21 37
24 14
16 24
52 11
33 4
11 13
28 14
68 67
21 35
14 44
61 36
15 59
6 66
23 1
57 34
61 10
12 70
3 4
61 2
65 41
38 20
67 63
23 53
57 69
11 18
62 2
25 52
5 9
5 50
33 40
58 45
66 36
56 7
16 69
25 24
61 59
50 6
34 58
39 38
6 1
49 61
48 17
61 36
58 49
62 22
43 44
19 2
61 44
23 26
62 43
14 20
27 15
4 68
3 21
37 33
49 61
66 38
51 66
28 38
53 45
45 26
61 3
16 34
57 12
61 29
43 18
4 45
50 45
3 39
20 14
9 49
58 40
57 8
60 17
30 55
48 6
37 5
23 64
11 29
62 29
43 55
41 9
20 42
45 50
18 8
18 5
38 31
42 18
10 32
5 14
65 18
67 64
17 30
24 3
17 33
10 60
10 17
39 15
8 45
39 17
5 9
53 36
53 61
4 53
62 44
48 51
63 59
21 63
27 3
38 57
47 61
49 57
6 37
38 68
8 62
68 14
52 32
25 34
18 65
60 6
18 40
69 57
20 60
10 29
51 66
18 45
63 46
65 2
31 64
5 6
11 67
49 7
27 14
51 44
31 44
13 10
26 59
37 23
14 60
2 18
58 16
13 19
67 41
66 42
38 23
31 66
56 69
48 27
2 40
66 57
40 36
62 52
21 55
52 44
27 12
29 16
20 27
40 10
68 36
68 42
9 64
33 1
13 37
59 34
1 64
42 2
13 32
38 37
53 28
27 50
2 40
62 66
31 63
58 2
61 31
64 45
62 25
57 51
55 66
30 39
56 53
26 12
17 48
18 35
15 16
16 34
31 7
38 20
44 38
45 2
1 20
14 62
6 16
29 4
67 58
23 24
6 27
47 64
24 62
45 61
10 61
69 3
50 49
53 56
23 46
31 59
47 28
49 23
58 53
31 14
22 25
8 41
69 52
37 15
41 61
50 27
45 68
56 40
20 46
13 9
3 60
64 39
26 58
60 30
62 14
53 57
65 62
40 37
65 6
51 48
17 14
63 64
66 47
44 21
46 49
42 32
1 4
29 50
2 58
62 7
48 50
20 21
8 34
4 3
53 1
9 38
3 8
49 6
10 32
7 9
41 68
49 66
9 70
61 45
19 34
37 5
13 48
64 31
68 70
44 7
68 33
51 63
4 36
1 44
40 1
19 68
6 66
17 65
70 1
44 13
66 4
52 30
12 7
65 3
10 8
1 16
10 66
51 49
8 50
19 30
46 15
40 32
36 51
34 70
28 9
62 34
57 10
65 64
8 63
1 47
5 15
47 29
31 44
49 41
43 49
1 4
25 62
70 39
56 57
70 63
53 34
58 59
60 11
17 59
69 25
26 43
41 17
31 64
42 70
9 51
22 2
47 50
18 23
32 46
46 21
33 18
27 65
22 62
62 1
49 36
60 10
51 68
49 36
26 67
37 61
26 68
31 21
31 70
22 30
48 33
37 56
33 8
19 65
40 53
44 38
9 8
37 2
53 18
17 70
24 48
44 33
3 42
70 30
52 29
63 66
62 50
12 65
20 17
22 6
4 69
50 59
50 51
31 7
6 34
66 65
40 35
58 21
49 67
7 28
4 50
26 56
26 15
51 22
52 63
2 36
59 18
65 16
65 1
10 67
31 2
16 56
68 70
38 27
69 66
7 47
42 25
65 62
12 45
17 10
69 24
59 60
11 46
25 58
62 32
9 61
60 21
15 13
10 48
59 5
62 32
59 29
27 37
32 34
1 52
68 37
56 46
58 62
34 49
51 36
68 48
25 43
34 42
7 37
18 7
55 67
42 64
66 68
22 41
32 26
43 39
10 67
44 5
53 24
43 61
10 65
30 12
62 63
55 39
42 29
54 22
56 6
15 36
42 36
11 41
54 33
52 68
12 47
45 54
34 37
29 2
70 64
6 66
7 32
67 20
46 67
61 70
70 30
17 54
25 17
8 23
52 51
23 41
23 17
35 38
48 24
68 34
26 28
54 49
40 61
16 66
69 64
24 59
35 21
36 51
42 63
42 12
46 26
3 59
43 70
47 54
10 63
42 35
66 47
1 8
5 34
22 67
25 36
65 23
20 1
33 40
11 4
11 55
11 16
24 1
70 29
2 10
8 6
2 70
38 18
40 51
65 49
37 54
19 29
17 69
57 20
50 21
15 27
3 2
53 41
38 51
67 58
6 66
16 44
11 57
63 64
27 61
20 46
45 31
3 40
19 54
35 30
64 69
54 39
6 24
54 33
35 58
7 56
38 45
44 56
49 58
43 55
39 46
24 44
65 70
13 42
30 12
37 58
66 17
20 69
2 26
40 69
55 65
46 44
29 42
42 25
34 23
61 35
20 70
25 9
1 56
48 64
63 68
5 53
27 61
5 63
34 5
62 52
57 56
22 18
6 68
14 51
10 52
30 38
37 58
39 42
47 33
12 66
31 60
16 65
7 26
68 10
12 39
28 29
32 23
31 67
54 22
39 60
49 2
2 64
66 50
6 47
41 67
17 60
48 62
29 37
5 69
41 52
70 65
67 5
50 52
39 69
62 50
1 66
59 15
24 35
24 60
53 45
60 36
3 37
59 14
1 28
64 42
8 58
17 22
64 60
48 33
29 28
20 47
6 25
12 50
18 7
12 61
27 44
6 36
29 61
51 9
22 69
16 64
54 28
48 8
26 56
21 41
63 2
41 34
36 51
32 52
12 67
56 33
40 39
64 50
63 54
17 35
64 62
49 40
63 57
8 4
65 70
35 11
12 67
20 58
57 31
56 49
20 49
30 31
17 62
64 70
37 48
50 65
38 66
54 49
33 31
41 18
62 20
8 26
49 61
32 24
2 16
36 59
42 34
24 53
43 8
56 57
40 67
51 33
46 13
4 28
63 28
58 34
9 41
19 26
39 51
5 3
39 40
26 47
44 51
39 56
52 43
65 43
65 59
53 36
22 20
22 43
15 10
46 19
39 44
61 59
67 18
17 36
66 52
36 14
22 8
37 8
47 37
36 35
13 51
10 39
54 4
36 18
36 41
45 10
58 14
69 1
66 33
21 65
59 3
45 55
61 14
70 18
2 61
41 68
65 56
33 28
36 5
41 14
38 16
63 18
2 62
63 42
31 34
69 21
27 45
4 43
21 37
43 69
5 64
59 6
43 25
50 36
39 59
30 39
28 47
3 49
5 11
6 30
59 39
58 25
55 32
7 37
62 21
50 34
54 26
10 27
54 47
4 56
16 12
26 61
38 44
15 46
25 26
21 15
28 18
44 63
59 45
17 45
18 30
7 47
48 55
4 59
25 62
2 36
39 27
57 12
57 60
47 15
70 13
30 47
4 52
35 5
69 62
5 35
15 62
36 65
39 53
1 4
64 38
12 53
28 23
3 50
31 60
38 7
41 66
6 60
43 56
1 2
53 51
15 26
15 60
52 2
45 38
33 52
15 30
68 45
40 16
11 45
56 34
55 1
68 28
43 2
53 40
42 4
44 3
41 59
45 22
68 38
6 60
36 66
47 12
23 68
48 30
30 44
63 18
20 1
45 8
61 42
54 11
14 61
33 41
45 2
45 68
21 6
56 10
47 70
38 21
41 24
24 10
44 53
29 69
42 63
9 24
46 42
33 63
10 13
34 21
8 25
52 1
29 61
21 62
64 24
21 40
39 3
16 66
53 38
56 14
35 63
67 37
4 49
58 32
66 36
50 56
69 31
30 10
6 9
42 59
52 5
25 55
6 65
17 55
56 60
30 41
11 6
29 63
35 26
25 63
38 12
17 60
26 39
41 59
1 34
63 60
58 18
11 44
27 65
66 4
42 58
34 52
41 57
15 14
62 57
69 13
43 32
31 19
32 51
13 17
44 29
17 1
70 9
68 24
31 5
15 67
31 46
13 20
2 42
68 23
41 46
11 38
8 69
50 7
30 69
56 39
46 3
25 36
36 18
1 25
33 27
38 36
33 1
15 50
4 34
37 53
50 6
19 70
63 53
20 22
36 8
36 65
59 44
59 67
57 70
15 63
42 52
54 38
1 30
56 34
69 60
42 62
50 19
56 23
15 6
33 10
46 55
10 53
35 62
13 37
24 58
68 14
22 55
16 18
70 37
61 16
20 24
4 44
26 65
36 31
28 49
2 18
66 70
34 11
20 54
24 59
51 38
48 62
47 6
28 46
38 48
7 41
52 66
1 56
62 68
61 42
10 52
3 52
53 37
59 8
68 15
28 40
64 4
34 19
42 40
68 26
41 5
56 18
37 10
3 35
34 60
15 60
1 52
48 57
30 13
65 67
53 62
28 15
34 64
2 27
41 15
70 31
10 23
27 35
55 11
31 61
28 42
7 34
28 59
51 14
65 58
4 18
43 7
19 66
43 56
61 65
44 62
62 11
8 64
45 40
2 28
70 34
26 27
42 28
52 40
11 33
48 10
47 39
26 34
3 55
30 25
57 43
27 59
57 1
31 38
56 57
26 45
61 25
38 1
29 60
11 53
11 61
3 22
3 27
18 13
70 11
37 15
29 58
32 12
15 52
11 24
53 15
49 63
29 65
28 11
30 45
69 59
21 61
23 62
47 10
20 5
62 50
40 61
52 7
64 48
69 38
12 46
5 17
25 37
44 53
16 39
12 4
14 62
45 22
53 12
61 12
34 44
39 4
14 35
66 24
21 39
68 27
49 30
35 5
14 12
16 43
55 57
19 57
69 30
21 17
29 46
27 24
69 28
46 28
48 44
49 37
14 26
8 15
23 59
20 43
66 5
27 51
56 70
27 66
36 7
32 63
66 59
38 33
50 29
59 53
66 15
6 40
30 54
69 46
43 22
64 3
62 47
69 4
55 1
15 16
51 29
45 8
5 58
54 53
37 65
55 5
64 32
45 28
25 38
40 70
62 17
18 16
20 22
47 64
36 63
21 58
46 68
8 39
13 50
52 4
45 2
1 41
27 22
11 1
30 50
35 40
44 23
28 27
55 35
40 50
41 19
5 3
6 26
7 27
15 25
64 27
45 40
38 23
3 22
3 58
31 56
57 26
2 4
41 42
22 41
36 5
18 8
17 50
64 23
22 13
36 37
65 28
49 65
29 36
49 52
54 56
11 2
8 48
33 66
60 15
59 42
12 23
43 60
36 31
42 11
34 39
22 60
6 64
10 3
14 20
61 25
60 53
61 53
48 20
44 68
39 61
49 68
17 63
32 19
15 11
58 12
68 57
34 50
4 30
31 27
65 9
42 20
61 59
68 16
50 62
59 54
38 9
11 16
50 26
44 10
26 43
40 7
63 25
28 64
46 70
40 55
7 25
37 21
15 29
48 57
33 37
62 52
10 31
55 64
59 3
60 14
63 53
53 10
39 69
53 2
7 29
13 44
6 41
38 6
27 13
29 14
6 63
44 39
37 35
54 4
58 7
8 10
70 30
20 67
66 1
20 18
1 64
38 35
21 46
42 30
50 59
3 49
42 55
58 22
60 24
25 45
45 59
54 63
33 10
7 50
31 4
8 1
36 41
22 42
19 14
3 65
56 21
49 14
12 44
23 67
23 25
47 20
9 69
36 51
7 66
18 11
57 32
60 36
21 10
38 30
69 7
17 24
54 32
49 2
38 14
35 38
26 39
24 69
27 45
16 28
37 9
25 68
48 10
11 51
68 47
45 53
28 52
13 9
22 11
46 40
67 16
66 44
19 32
55 11
51 70
51 66
17 69
39 29
64 20
45 38
57 43
27 22
61 30
6 43
1 61
9 23
34 22
67 19
66 64
65 22
37 68
21 32
8 65
17 40
16 45
11 51
42 57
32 46
35 5
3 57
69 13
26 42
7 18
29 36
19 11
2 36
68 8
38 59
7 35
24 50
57 33
50 16
3 41
37 35
20 23
38 48
33 11
9 7
52 66
20 28
18 59
38 35
25 55
32 57
57 13
56 31
28 9
33 38
57 29
68 14
2 39
48 12
6 52
19 31
67 30
15 66
61 54
11 19
58 14
26 28
53 55
13 65
6 26
50 39
15 13
56 4
26 70
61 65
50 13
35 60
31 53
28 50
46 7
8 34
61 70
34 53
36 14
7 39
63 15
22 17
15 32
50 3
25 37
44 8
16 29
18 19
35 30
20 28
37 17
61 49
38 9
18 60
5 61
12 53
22 50
33 6
65 16
65 39
56 38
1 65
54 20
13 5
67 35
46 32
63 56
43 13
50 55
60 32
60 61
70 55
53 36
36 57
21 50
20 67
58 1
10 4
22 61
40 35
22 67
35 52
40 34
42 58
15 23
65 51
5 30
23 19
3 53
49 28
38 16
12 57
18 27
62 68
52 12
68 49
22 4
13 62
33 22
52 39
21 26
15 57
39 33
30 28
70 24
49 48
7 1
36 55
49 43
36 55
69 15
2 53
33 67
53 21
57 36
47 65
53 60
70 6
63 27
62 47
19 35
57 14
33 37
28 19
58 37
45 57
27 5
19 28
57 28
49 29
22 62
28 46
65 61
69 58
42 53
7 47
5 37
24 13
11 24
53 10
51 16
56 70
14 39
44 14
4 27
50 42
3 67
44 18
65 52
51 36
58 2
46 10
55 9
64 49
61 44
57 20
49 2
10 6
68 62
43 70
57 70
9 16
32 36
31 45
16 63
44 62
13 62
68 4
25 70
63 40
49 29
52 35
64 65
57 64
70 31
17 12
42 62
6 58
68 57
45 2
34 57
38 46
32 11
33 44
9 52
35 44
28 18
47 21
10 65
60 44
20 50
27 24
18 39
66 29
10 16
54 10
49 43
46 38
68 31
65 31
32 67
14 5
23 70
17 16
12 9
15 43
47 16
67 47
58 63
14 51
58 45
42 22
65 25
59 53
25 26
63 66
15 52
8 55
48 39
40 56
41 70
61 29
25 44
10 58
8 42
60 63
45 49
62 3
21 22
41 30
68 11
22 4
4 57
9 45
40 22
14 5
54 53
64 61
63 55
6 44
4 33
39 11
38 4
24 17
9 42
52 62
39 17
49 65
53 57
55 38
66 56
6 8
34 7
42 52
4 37
55 27
45 50
58 28
52 40
11 42
62 41
31 65
61 43
7 36
35 2
9 5
10 21
10 30
53 60
33 62
25 50
39 16
62 24
49 41
7 35
48 10
48 1
40 43
49 48
21 23
43 26
16 62
67 28
23 46
53 61
48 8
8 23
38 20
66 27
69 32
43 53
30 12
45 22
24 31
25 4
17 20
2 13
63 61
61 35
56 2
29 18
2 58
15 11
21 46
15 51
54 64
26 38
50 57
43 29
11 1
35 59
36 50
4 32
63 41
51 2
57 65
28 22
59 30
55 27
35 3
15 24
3 44
28 51
41 24
47 26
16 65
40 66
39 28
19 42
50 55
39 20
42 15
37 48
41 21
59 47
24 52
8 20
14 39
35 70
63 62
53 63
7 2
6 51
51 11
65 27
45 17
12 40
36 57
1 65
51 43
33 68
43 40
12 26
19 12
59 56
38 23
10 62
38 8
70 67
44 48
33 4
55 70
18 11
7 67
51 9
2 64
56 24
24 39
4 14
51 34
52 9
38 68
41 66
4 2
59 10
65 48
53 48
42 66
39 24
30 50
34 37
21 43
19 46
32 28
25 3
17 68
65 52
27 25
21 47
67 60
40 18
36 13
19 11
30 3
58 15
64 65
13 50
60 67
55 45
48 23
8 15
68 45
66 20
5 24
21 12
64 29
66 13
40 41
38 19
46 61
59 61
63 14
34 43
49 20
44 52
27 54
46 45
9 6
2 42
11 46
63 45
26 51
1 46
37 16
48 63
64 30
49 27
45 30
69 20
57 15
32 13
70 20
14 63
50 5
33 38
8 27
41 34
49 3
46 51
3 64
29 12
66 31
69 20
10 57
48 53
10 44
53 3
37 6
2 29
43 18
11 59
40 11
48 21
32 18
32 35
56 70
35 54
24 29
39 26
18 17
58 41
28 62
35 42
34 36
44 18
19 20
13 21
61 51
15 43
25 42
39 43
8 60
68 17
5 67
63 1
70 40
48 13
11 20
28 12
42 36
49 63
27 12
34 50
30 6
4 11
16 48
55 63
51 62
28 38
36 47
57 8
38 48
35 29
57 70
25 28
45 2
36 70
39 54
44 27
26 58
20 9
40 66
32 35
32 37
4 25
25 31
54 64
37 51
29 37
62 32
29 53
36 5
53 4
23 54
19 59
33 47
19 16
28 46
70 16
29 46
22 47
7 11
63 27
53 4
50 48
51 60
70 47
68 32
6 27
60 69
18 53
27 66
11 43
56 13
49 48
34 67
30 63
3 64
46 69
70 49
45 69
14 59
42 14
58 26
44 61
65 55
70 11
61 60
11 36
52 70
58 15
14 32
3 39
63 11
56 33
64 55
38 20
26 24
22 17
47 35
7 17
58 53
39 37
12 39
52 29
33 1
23 9
44 52
50 15
57 54
70 60
37 30
14 57
24 30
8 67
58 43
43 12
21 42
1 9
28 31
8 40
54 20
26 24
50 14
13 18
31 4
40 8
47 66
40 11
22 49
23 49
16 13
16 35
11 51
63 44
67 31
29 38
39 64
54 70
61 14
37 11
70 21
28 49
13 61
42 33
6 47
24 22
11 1
18 10
1 31
42 3
52 14
34 12
3 68
20 22
17 23
25 26
47 57
32 6
5 43
22 47
15 39
49 67
29 6
51 67
65 47
32 6
40 10
50 22
62 70
36 18
10 15
37 57
34 50
13 12
16 38
66 21
47 35
22 7
3 53
50 56
69 28
29 64
11 5
29 57
32 42
41 35
62 60
21 31
18 14
38 47
33 15
59 56
45 22
60 2
48 54
6 20
54 24
67 24
37 60
44 23
67 64
29 67
15 42
53 3
69 13
54 66
24 43
60 70
59 61
58 25
11 54
55 59
42 53
53 34
36 53
35 40
2 49
31 17
62 60
17 2
35 29
13 70
31 37
55 22
61 9
27 22
64 70
51 20
38 69
56 14
31 43
21 46
21 61
29 7
56 25
57 53
50 49
11 15
29 15
22 21
56 4
51 8
49 68
3 4
61 63
69 63
18 58
53 65
19 20
54 5
58 28
59 28
62 13
7 39
45 64
66 25
21 46
20 57
37 69
3 13
57 25
70 45
70 52
12 11
47 43
70 22
47 10
55 29
64 45
13 25
62 50
3 13
23 61
38 60
31 33
44 8
51 68
65 55
53 12
44 61
30 35
13 57
64 34
32 40
10 6
45 51
4 29
41 57
53 55
47 39
62 65
26 28
38 48
23 64
37 58
63 70
69 11
41 52
34 13
55 51
40 17
29 46
68 63
43 6
50 35
65 57
59 11
30 33
32 4
43 63
57 14
46 39
64 12
35 9
51 17
50 40
64 54
42 55
31 42
3 29
19 36
36 54
70 22
65 30
62 53
49 17
24 27
14 48
66 45
67 23
45 35
53 30
33 47
62 39
31 4
3 23
10 24
48 60
6 42
33 30
9 28
51 46
66 26
62 43
8 64
47 62
55 7
33 40
37 46
14 16
11 47
18 47
60 67
52 29
22 31
59 35
36 48
63 58
32 69
28 56
70 67
61 46
3 6
62 64
69 11
19 7
67 51
43 11
67 61
35 39
11 41
56 3
37 49
39 5
60 52
43 26
10 35
19 59
12 13
61 26
33 64
11 59
37 40
4 37
54 42
40 32
27 61
30 11
44 24
42 49
42 31
35 4
26 1
41 19
11 41
67 6
20 37
44 53
54 11
17 54
47 10
51 32
63 51
24 1
35 15
31 38
36 57
30 19
47 65
10 53
24 27
25 44
61 49
36 38
42 58
2 5
43 42
29 69
38 56
4 44
34 13
51 21
50 12
3 37
6 63
53 60
8 24
38 53
17 11
33 57
2 37
70 19
5 35
10 7
17 37
42 14
51 5
10 23
33 43
12 10
9 40
49 54
41 37
7 27
50 26
46 15
64 6
4 38
37 41
12 36
28 24
7 19
45 10
36 13
68 6
35 69
44 19
19 46
43 19
38 19
64 9
54 20
32 51
50 66
15 41
42 6
39 30
5 67
37 19
19 35
36 18
34 24
56 64
54 50
63 25
43 18
15 45
28 7
52 50
18 53
32 47
56 7
70 50
49 8
67 37
63 7
40 21
44 19
5 16
47 1
31 24
27 23
31 60
55 9
17 12
67 57
54 43
14 26
40 28
31 26
22 41
7 61
8 9
61 39
1 55
69 26
6 65
7 63
20 61
68 27
64 66
19 8
57 12
23 45
27 35
31 1
56 47
23 49
38 22
58 59
32 26
2 33
30 26
32 62
39 66
55 39
52 62
41 28
23 16
25 42
34 49
54 24
57 20
32 7
31 22
57 16
38 42
35 2
30 22
4 65
26 52
5 32
53 35
12 24
20 41
7 22
69 26
2 5
57 35
36 25
52 5
13 68
28 53
38 58
19 9
69 52
18 7
52 62
19 45
10 41
55 32
27 9
32 2
37 25
49 46
11 41
50 13
18 36
43 22
57 53
50 30
40 55
20 10
3 24
35 29
39 33
4 29
59 52
69 29
16 67
54 22
60 14
21 35
11 48
68 12
8 6
14 32
14 42
32 12
48 35
23 30
70 23
38 56
68 65
32 16
31 20
44 43
48 57
56 41
54 34
67 51
13 24
38 19
21 59
13 12
15 44
11 58
37 53
68 17
46 41
48 26
25 59
13 60
52 22
43 47
43 20
49 45
67 65
9 49
65 61
60 67
12 59
15 10
64 34
41 56
46 19
2 28
39 55
67 46
13 32
66 59
55 33
60 28
31 25
62 1
44 20
3 49
54 63
53 68
16 21
5 58
44 24
54 44
13 35
36 44
10 20
56 7
5 46
58 8
45 13
47 24
64 25
38 61
62 8
60 28
14 54
40 35
5 55
50 26
53 58
40 44
36 65
8 62
54 36
12 14
51 13
2 13
48 16
41 29
58 39
8 66
19 49
62 28
9 18
36 6
10 16
33 64
51 42
67 29
14 39
21 19
6 55
35 18
70 64
64 53
55 59
48 40
59 21
48 56
12 44
66 53
18 70
49 6
69 61
50 53
60 48
20 28
10 48
59 69
58 65
14 41
1 23
32 18
52 48
39 35
45 57
57 30
69 31
20 68
64 32
48 9
52 1
45 35
64 45
50 62
35 29
59 25
17 62
67 18
59 39
55 30
19 64
38 11
31 56
54 8
41 7
45 53
28 5
15 6
29 8
1 65
67 68
66 51
35 18
63 31
19 31
28 67
3 21
2 44
27 8
22 29
55 50
60 15
45 67
8 4
14 37
47 39
23 12
67 52
16 31
67 43
25 19
30 41
3 5
58 10
14 10
55 3
64 46
67 24
42 39
69 60
37 35
21 5
30 48
45 52
48 9
61 58
25 13
12 27
61 51
15 16
27 1
51 62
48 30
14 11
7 31
20 60
69 25
60 15
7 53
38 69
49 43
62 25
13 50
42 51
32 19
34 10
28 24
16 38
16 54
28 38
39 42
18 17
39 43
60 28
40 57
7 53
2 41
28 20
3 46
28 7
64 67
41 26
55 53
21 2
34 18
56 39
7 16
10 61
67 59
1 20
25 28
66 21
13 32
60 33
25 56
17 40
39 13
28 37
46 5
55 11
12 14
19 7
24 8
24 10
4 36
59 8
48 50
43 62
63 67
60 55
69 22
9 62
16 14
66 57
16 56
64 26
38 19
31 18
43 35
31 15
12 17
12 34
66 61
64 46
1 42
52 30
48 15
1 36
34 65
63 67
67 48
61 45
67 21
47 34
68 3
38 11
47 21
16 62
16 39
37 68
20 15
57 65
58 24
48 17
43 68
30 36
11 17
44 3
68 63
7 22
16 21
10 31
9 54
18 7
54 16
59 69
52 16
4 54
52 46
12 52
62 28
27 29
52 61
9 21
3 25
43 60
13 59
53 46
49 28
70 20
2 24
59 41
32 64
69 4
33 44
27 41
16 45
2 70
5 19
52 59
43 51
5 52
23 37
51 53
68 11
27 31
26 13
19 29
29 66
46 33
1 9
14 62
12 70
2 21
45 68
37 13
51 69
65 2
6 28
33 58
59 4
59 68
25 9
66 34
52 38
43 37
53 59
7 4
8 63
62 49
27 41
35 20
22 15
33 23
41 56
17 68
20 60
49 68
7 20
63 5
55 40
19 6
6 67
7 22
50 48
48 54
47 12
13 44
66 24
29 16
44 18
53 65
12 40
60 10
70 69
40 68
32 11
30 50
62 23
20 43
42 8
66 19
55 67
49 23
19 13
41 29
22 60
57 8
1 4
38 7
37 8
60 69
43 20
39 33
2 3
3 66
9 53
45 1
40 56
4 70
34 20
18 1
29 22
11 17
5 54
69 29
15 4
67 36
11 65
28 57
54 2
12 44
32 15
9 61
60 44
13 68
32 69
33 47
41 65
1 12
47 69
50 49
8 9
47 39
13 33
68 39
46 17
63 12
42 63
43 22
4 61
4 41
55 61
64 68
30 22
65 22
53 19
30 39
64 43
32 41
49 65
29 12
56 29
42 67
1 43
6 34
59 39
57 37
70 12
62 15
41 70
30 29
59 48
59 45
22 29
7 13
3 56
30 39
56 31
34 66
5 28
4 62
49 55
26 44
33 24
52 66
22 32
32 36
36 44
45 58
49 3
45 1
69 61
51 52
48 66
64 26
34 19
19 68
55 14
58 56
32 21
64 37
18 55
45 20
3 11
60 58
52 50
38 18
35 4
18 2
33 36
60 37
24 70
67 27
21 42
23 21
5 67
25 21
52 56
47 26
18 49
69 51
31 21
52 11
40 13
30 10
2 37
54 33
34 29
69 42
5 47
44 14
51 30
43 63
68 11
60 54
69 58
48 6
45 52
60 54
38 45
11 4
11 66
65 61
57 33
18 65
18 64
9 17
13 24
48 28
54 20
64 56
67 19
2 39
49 65
48 54
60 31
56 26
1 27
6 33
53 2
26 63
59 42
11 4
68 67
70 15
12 60
42 25
11 9
69 37
65 57
24 49
42 15
15 49
66 3
29 19
44 29
62 23
50 2
59 57
9 65
2 32
14 22
2 69
63 28
30 5
26 45
20 44
26 53
10 58
61 51
54 19
32 41
60 37
38 22
11 24
20 7
27 39
44 51
34 9
26 38
55 67
62 55
1 21
48 43
50 29
69 6
20 61
67 69
4 23
13 35
11 67
45 19
13 52
7 31
68 36
49 31
30 54
46 58
34 11
36 5
62 8
23 63
68 18
25 48
5 11
7 40
3 69
9 62
6 20
63 62
34 55
56 36
51 61
42 32
9 22
28 24
26 30
5 42
29 27
37 2
56 47
63 59
26 4
26 66
61 38
30 31
65 28
65 37
7 27
69 4
56 23
56 66
65 55
56 21
50 1
40 67
68 14
10 33
54 43
67 46
40 31
12 64
24 25
58 70
18 10
33 1
19 46
33 20
27 59
2 43
11 41
17 37
8 34
11 2
21 62
49 58
40 50
35 52
37 67
54 35
28 29
56 9
25 52
9 56
33 36
50 24
70 30
57 14
53 1
21 55
25 33
14 16
18 35
70 64
12 32
10 27
43 11
70 13
60 54
47 60
61 12
18 8
12 49
60 28
53 33
5 9
27 65
19 30
29 27
2 50
12 39
62 39
16 52
20 41
59 66
16 30
16 8
17 51
15 26
29 50
44 23
24 22
27 49
9 42
60 31
70 51
17 12
34 45
42 2
23 38
34 16
8 64
43 66
20 23
1 41
30 50
6 44
50 34
40 38
62 24
30 64
66 60
18 11
14 61
44 51
3 39
16 13
68 24
43 23
5 8
40 43
22 24
23 70
1 7
66 20
65 54
19 5
70 21
50 25
39 52
44 39
35 6
26 35
50 9
22 27
9 5
46 68
67 57
59 19
48 9
42 5
5 25
31 30
31 15
8 37
41 59
48 36
10 44
13 25
34 13
67 13
45 6
62 65
51 48
19 4
12 4
61 37
64 30
25 21
59 35
61 33
46 60
27 33
34 28
28 33
26 63
70 51
64 60
1 18
4 48
58 55
13 68
11 69
61 22
4 11
48 6
56 53
55 11
70 42
63 31
45 18
61 27
34 39
58 44
18 48
44 5
4 55
16 70
48 2
23 66
44 10
63 18
53 67
68 63
7 24
3 49
15 13
56 42
27 54
62 57
32 54
8 55
24 39
17 20
28 2
30 59
48 46
30 61
50 49
1 41
40 34
9 29
62 67
22 67
48 6
29 10
19 68
50 41
49 1
4 46
25 4
57 64
68 18
14 9
53 34
50 21
64 34
37 31
5 66
20 45
69 46
23 6
11 63
7 14
69 43
11 18
44 9
50 38
44 9
22 50
1 17
24 38
40 2
38 32
2 29
22 64
43 41
28 67
4 56
64 55
30 48
55 5
12 2
23 50
53 13
54 18
17 60
58 46
70 39
32 45
59 22
57 12
62 60
60 27
9 57
69 57
36 60
70 14
26 62
45 14
67 22
44 6
21 25
58 5
21 22
49 26
53 23
48 52
66 63
55 67
40 63
64 9
41 67
19 49
7 61
9 56
13 49
1 14
43 39
47 59
3 13
16 35
21 9
4 22
40 30
15 10
34 33
30 34
61 37
15 12
4 1
25 40
16 51
8 60
22 53
21 56
16 68
68 65
3 47
20 9
69 65
29 54
68 45
37 26
63 10
47 44
14 47
37 33
56 26
21 29
61 21
58 60
9 48
2 18
68 5
35 36
56 5
61 21
20 11
45 53
9 24
58 54
5 11
2 24
65 38
58 28
8 7
45 52
19 44
25 69
8 49
63 49
53 7
30 44
32 9
70 36
10 38
65 4
11 40
43 3
35 62
20 17
51 40
39 12
11 2
60 27
29 28
43 14
64 43
68 10
70 24
60 36
45 32
29 17
11 67
62 8
36 62
54 63
69 21
66 27
56 40
54 49
65 11
45 10
61 58
21 51
25 11
41 51
2 39
24 29
27 30
59 6
60 59
6 43
15 66
56 63
63 69
19 42
42 14
24 36
35 2
67 69
10 14
46 21
1 20
26 18
66 25
5 26
3 48
14 39
41 51
2 3
41 58
30 31
18 16
64 4
59 7
32 61
65 12
35 33
32 7
65 13
12 34
60 57
35 5
5 1
41 46
24 3
59 26
26 21
25 2
25 5
16 29
39 54
67 62
16 68
50 35
10 24
51 27
28 32
30 59
70 67
55 13
27 21
32 58
58 11
54 49
58 62
38 64
55 12
69 36
44 15
5 44
17 22
27 53
45 20
45 40
5 55
18 67
42 20
12 2
12 8
66 13
3 64
24 51
19 18
47 34
37 35
52 44
33 39
46 14
7 30
6 51
66 31
20 23
57 38
28 34
59 64
36 52
22 70
17 56
45 8
23 44
13 9
5 56
51 21
38 50
61 52
48 40
5 24
31 25
17 62
12 42
4 3
26 42
27 34
57 19
31 53
19 58
36 33
16 47
31 6
25 33
34 70
56 44
45 47
39 44
45 9
1 59
17 38
16 69
10 42
46 57
24 26
52 49
7 38
38 62
41 37
43 37
52 47
64 27
1 58
2 5
57 43
7 59
67 11
30 41
8 7
32 23
3 51
3 24
10 63
10 24
58 70
38 15
19 51
10 43
11 21
1 26
33 12
10 12
30 60
35 31
54 68
23 67
24 39
27 29
10 54
34 58
59 30
18 27
12 13
17 64
9 29
63 35
4 15
63 34
64 30
50 36
26 35
61 37
70 23
14 36
8 25
16 47
22 18
12 5
60 68
22 64
54 31
18 46
35 39
13 9
10 22
67 28
59 43
21 24
36 27
20 60
30 25
54 39
33 30
9 10
55 31
15 21
31 17
53 8
30 46
21 65
37 4
57 55
3 54
59 11
22 17
10 46
52 64
55 57
57 26
35 61
37 25
44 60
48 31
52 48
46 24
5 51
12 58
54 20
6 16
52 20
20 9
8 56
59 6
34 53
30 67
12 70
7 17
32 9
64 66
21 46
21 58
29 55
23 37
42 17
46 23
46 31
27 42
21 60
15 61
40 7
16 14
27 16
32 48
8 28
57 64
5 31
67 53
65 12
36 28
45 65
39 69
13 3
25 67
14 55
50 7
41 48
55 5
23 43
60 48
8 24
9 36
29 24
19 10
6 41
5 63
67 35
9 36
23 43
68 66
9 36
2 58
33 13
17 42
2 43
37 3
38 64
13 51
7 57
64 68
7 44
29 45
46 3
63 41
60 59
52 60
42 63
39 1
47 10
16 63
12 19
70 6
21 56
26 3
49 10
14 28
8 25
67 56
63 35
49 26
12 47
21 70
37 2
59 54
31 57
31 37
46 54
48 16
62 65
36 34
8 31
33 41
35 65
55 14
16 34
68 25
12 32
45 41
25 4
9 22
16 37
39 35
24 37
37 31
3 62
17 27
69 17
61 19
67 50
32 48
31 17
62 9
38 39
25 24
51 4
59 48
27 7
56 8
33 54
45 19
36 31
54 31
62 15
70 21
41 56
56 17
25 4
55 1
17 42
31 24
55 48
68 44
44 45
50 31
49 55
60 22
28 26
31 49
10 9
23 15
63 32
9 43
37 67
38 59
70 60
45 12
11 46
38 37
35 8
36 15
66 27
35 34
15 56
54 53
16 63
12 50
21 56
56 14
34 19
64 34
47 33
64 42
35 38
46 34
54 38
42 22
2 21
57 60
39 65
10 22
30 8
28 64
14 54
66 56
36 8
69 17
38 66
53 63
53 27
29 5
52 32
23 29
24 25
1 59
5 34
8 53
5 57
36 65
7 52
52 15
21 65
17 5
27 32
65 2
8 45
60 70
58 56
49 25
28 51
10 3
39 16
32 20
70 25
38 13
50 57
33 25
14 38
65 70
13 35
31 44
11 3
46 50
17 11
36 4
62 54
40 18
48 31
14 62
38 23
5 25
42 2
13 8
64 52
34 4
17 9
37 65
16 19
40 47
63 25
69 28
1 55
37 20
53 13
28 34
58 35
38 32
9 42
13 62
50 15
34 44
5 35
62 19
48 5
27 40
25 35
26 13
40 1
46 44
20 31
52 30
61 59
54 57
16 10
28 11
46 53
35 66
55 15
63 9
32 46
34 63
33 43
26 39
66 26
14 63
22 49
52 70
46 22
46 52
25 64
38 55
41 62
35 42
40 51
57 38
57 41
67 29
13 68
47 55
56 49
70 13
61 35
54 48
63 38
57 26
2 57
4 53
41 62
40 64
70 43
44 58
4 60
44 2
5 30
61 50
36 8
5 61
21 26
69 24
21 33
69 36
31 12
47 18
9 64
32 63
15 57
50 68
15 27
12 46
11 45
57 65
28 4
28 34
57 30
39 64
56 68
18 4
24 1
14 39
52 11
59 10
48 43
52 22
33 32
54 62
24 32
11 46
51 46
70 59
34 22
57 11
32 41
35 69
42 70
54 63
24 54
43 64
70 7
61 17
20 53
21 68
34 2
12 55
40 27
18 1
35 69
45 1
4 45
49 29
16 68
10 26
39 26
20 42
14 68
59 45
47 67
13 34
51 43
59 63
34 33
67 5
13 14
42 6
34 36
21 24
30 38
70 56
48 66
41 46
15 37
19 66
32 18
65 13
55 17
53 61
60 47
12 10
67 3
67 12
59 61
35 50
6 58
53 36
15 24
5 39
37 6
1 54
10 41
40 59
6 54
20 67
28 39
19 66
13 56
66 45
17 5
8 51
70 34
8 22
16 50
43 46
44 5
32 37
36 60
10 14
16 55
41 4
32 45
47 24
58 61
68 34
35 38
5 13
55 9
10 1
10 29
24 27
66 37
30 13
57 25
68 19
43 62
19 23
43 17
31 45
70 46
70 26
42 35
4 66
14 54
46 36
2 16
3 37
53 20
44 51
52 13
48 44
11 3
4 10
49 10
50 10
28 15
11 32
31 9
70 55
61 23
10 37
61 66
69 5
22 69
7 37
6 60
16 69
42 26
47 13
57 42
43 26
70 40
21 35
43 24
51 60
7 64
38 28
66 30
11 44
47 55
14 13
67 48
65 57
23 26
23 41
23 10
18 50
26 53
31 37
34 48
19 48
53 9
34 2
13 48
66 2
27 68
21 32
58 16
18 48
44 53
23 54
49 42
2 7
59 51
57 8
52 13
37 14
4 9
47 8
25 40
62 39
51 24
66 17
27 37
51 42
53 37
33 38
54 14
65 34
70 69
68 61
53 47
9 18
46 49
4 66
31 28
59 24
29 56
36 16
40 19
60 63
1 69
43 7
55 69
27 50
41 21
28 40
53 56
50 60
57 63
62 46
37 25
4 42
45 9
24 32
34 16
20 65
43 20
59 7
60 68
30 29
65 44
5 20
54 25
35 39
40 28
3 1
65 20
46 36
32 7
12 53
64 35
62 22
5 52
12 42
66 13
60 13
60 15
33 42
55 42
60 48
19 3
7 22
6 68
37 38
25 4
28 37
54 63
58 5
61 9
59 11
51 50
45 43
18 49
26 52
44 10
13 67
15 16
19 35
61 25
9 10
20 31
55 50
8 22
12 42
62 40
28 6
19 12
52 31
8 6
4 21
22 68
21 19
39 11
6 19
35 18
33 42
24 16
55 56
3 10
13 6
35 36
70 12
61 68
29 52
26 55
29 3
6 70
3 23
68 46
35 7
17 33
55 62
25 31
18 6
68 1
58 29
31 56
62 48
40 5
8 18
38 26
11 66
32 26
1 36
31 48
33 31
64 36
15 24
6 56
9 49
5 25
30 23
15 20
19 9
16 64
63 2
45 59
28 14
10 36
44 58
52 30
37 10
41 67
35 8
56 65
52 3
32 36
51 69
17 32
8 59
26 9
30 2
53 40
14 33
47 20
28 29
23 55
47 23
26 44
7 12
42 9
12 16
14 64
59 22
52 45
59 6
6 43
42 54
32 34
51 40
16 7
53 13
25 47
11 8
15 40
34 61
24 48
2 23
62 23
11 14
66 59
14 13
41 17
17 37
54 48
40 51
61 38
47 22
3 54
13 55
11 16
3 6
30 12
66 1
24 40
48 13
23 70
38 53
20 15
39 68
11 22
51 46
36 21
18 27
7 58
32 35
7 34
54 47
61 48
14 42
19 65
38 39
68 18
52 65
17 11
60 31
45 14
15 50
36 68
40 60
17 29
33 44
33 9
11 12
56 51
69 68
55 9
51 58
6 43
10 48
56 64
4 33
19 63
53 66
29 44
28 6
41 51
47 13
35 51
41 44
33 68
60 42
20 45
18 48
10 41
3 63
3 6
49 56
67 46
37 58
28 68
6 57
4 49
24 13
46 7
25 13
27 55
30 27
52 1
65 55
21 55
60 55
38 13
35 67
70 14
7 24
53 61
26 23
65 22
9 18
48 28
54 29
5 31
20 24
58 61
2 32
49 43
5 33
12 40
67 38
6 33
62 64
65 35
48 4
60 1
29 68
66 29
32 62
30 53
29 20
24 14
36 27
35 36
20 49
47 48
32 47
31 17
15 24
32 64
13 55
23 5
70 65
70 47
16 67
54 66
70 35
61 3
29 22
4 8
22 52
49 10
65 42
56 54
60 49
10 43
45 19
69 7
28 5
58 29
20 69
44 9
40 6
60 36
7 59
16 56
48 25
36 59
47 67
24 40
8 22
14 12
61 41
40 18
9 67
14 54
67 68
59 61
63 39
35 31
33 31
60 52
28 32
52 61
43 13
55 1
14 29
3 52
51 7
53 24
68 56
33 2
52 22
34 16
24 15
19 37
17 61
55 20
64 51
32 57
51 66
53 41
7 47
46 8
49 24
40 21
15 37
36 38
37 54
8 44
43 55
64 54
36 33
12 31
68 55
43 34
16 31
36 43
58 54
58 51
20 19
10 43
7 63
64 54
44 68
52 32
14 6
20 45
5 59
3 37
66 22
5 62
12 51
35 7
50 43
68 34
20 65
48 41
30 33
35 28
66 40
66 51
31 64
46 64
36 21
49 68
11 53
30 47
51 19
52 33
48 60
16 58
65 42
70 16
58 52
37 6
28 50
59 53
66 59
48 60
25 60
18 14
21 22
12 61
24 12
54 53
19 57
29 18
4 48
58 37
39 41
10 11
63 32
42 22
58 8
25 3
64 39
60 51
39 26
41 48
44 21
57 8
38 51
46 19
36 13
37 58
26 20
8 13
59 66
17 38
55 62
67 7
70 68
47 21
11 3
50 4
50 68
54 47
23 42
21 50
9 14
7 27
19 35
56 26
5 47
50 40
53 37
39 66
69 30
22 65
67 31
48 26
7 53
34 40
3 19
64 15
45 38
10 13
50 60
17 66
16 13
53 61
36 34
41 24
31 2
36 42
7 14
21 67
2 33
7 23
36 61
30 22
51 23
5 54
65 58
48 34
41 66
3 48
45 67
41 44
14 64
13 52
55 43
62 32
59 68
22 39
52 2
69 3
36 13
59 60
21 56
47 50
34 39
59 12
6 34
21 11
70 46
52 56
22 23
3 34
48 11
20 41
39 1
16 68
1 8
16 59
60 46
47 8
14 68
48 26
29 13
65 44
8 42
43 63
5 10
25 53
66 9
18 4
61 7
24 26
3 1
63 32
41 39
64 31
19 45
52 27
2 49
24 1
15 4
44 14
69 42
9 58
62 23
14 1
25 40
38 65
62 53
28 15
41 9
44 25
45 29
61 8
51 38
7 3
39 25
58 39
64 6
28 51
4 19
34 67
43 41
29 40
51 68
60 68
4 1
34 40
64 51
61 39
2 27
18 59
63 58
11 5
8 20
31 46
9 25
47 14
33 46
50 3
42 38
14 58
13 70
38 31
58 44
62 25
31 63
54 62
37 44
60 29
22 6
9 45
62 1
19 34
56 8
46 27
3 13
2 54
22 70
13 21
42 60
64 9
45 54
22 35
30 8
66 57
60 33
14 49
43 2
4 24
59 52
10 20
15 51
1 32
6 59
3 23
60 1
62 25
11 68
41 61
17 55
39 7
21 22
46 39
56 41
19 5
20 14
53 58
47 37
53 20
51 14
24 13
31 68
40 48
10 52
53 63
10 24
25 60
44 37
62 45
20 14
9 51
35 34
39 56
35 1
46 3
37 67
68 29
9 40
31 43
4 7
16 27
31 64
39 21
55 59
47 29
56 66
24 58
29 57
41 9
61 13
21 49
40 3
16 64
29 45
19 4
49 7
25 26
58 32
39 20
10 4
24 3
27 41
17 27
50 13
59 63
28 61
5 42
6 17
37 59
20 36
30 41
41 24
26 43
10 24
34 2
38 6
57 52
9 10
11 68
33 65
41 61
47 29
55 31
42 48
21 13
54 56
51 21
27 20
50 63
51 66
9 54
65 6
18 36
8 21
55 69
67 52
24 25
65 2
49 13
9 18
25 1
40 9
19 16
20 64
64 29
5 45
66 26
27 40
18 35
53 13
54 69
45 48
69 48
46 28
17 58
29 62
52 50
10 55
68 58
33 36
8 68
22 16
5 51
22 26
25 51
10 14
28 14
67 70
38 5
34 45
57 65
69 28
4 18
70 48
56 32
67 45
21 41
32 26
4 56
45 56
30 1
65 2
54 70
42 45
60 58
69 27
24 54
53 27
69 60
66 60
45 32
67 47
56 6
16 24
24 3
63 19
64 33
31 66
8 21
53 20
2 9
62 31
60 23
38 25
59 27
51 7
19 8
63 4
33 27
70 15
12 19
25 42
39 38
49 1
66 27
12 36
24 19
10 54
55 45
21 70
26 55
4 35
14 15
53 9
62 61
65 51
52 20
32 47
59 30
25 51
23 52
22 30
47 62
26 13
47 59
26 66
47 6
56 60
46 70
66 6
28 29
2 60
2 34
33 12
51 17
28 2
32 59
3 47
53 19
44 24
32 25
69 63
26 1
37 13
44 33
22 46
14 3
61 9
49 29
19 6
58 37
62 18
41 56
17 23
26 57
10 27
52 31
60 41
4 9
33 6
12 9
66 8
50 4
60 7
30 55
32 48
29 60
5 67
62 26
11 53
42 35
30 44
16 66
32 31
46 28
15 4
49 8
47 14
66 6
30 6
15 68
64 42
29 12
16 43
64 30
14 53
9 8
13 64
56 29
66 27
46 6
51 53
40 50
42 50
49 3
10 8
26 3
8 62
49 68
14 34
42 46
33 67
61 7
62 66
17 32
43 66
30 10
42 58
13 52
62 39
13 6
36 18
32 56
63 23
6 16
69 65
44 54
8 60
59 15
9 16
37 21
35 68
63 37
69 28
50 21
38 29
65 34
40 10
52 37
59 6
48 7
31 35
33 67
3 43
47 18
7 67
4 55
12 69
15 21
16 32
6 13
47 70
40 52
23 15
54 13
53 35
66 3
56 64
67 17
64 66
19 50
1 9
10 41
59 53
22 36
63 55
44 70
1 16
63 20
60 28
18 59
7 32
18 34
6 23
66 56
32 40
34 6
69 32
33 21
32 56
44 54
31 48
20 61
62 9
3 44
17 15
69 3
39 44
26 48
51 26
4 54
40 49
13 24
13 28
7 29
20 36
7 51
32 69
22 17
65 11
37 46
16 46
58 40
24 42
55 3
62 65
23 61
44 29
62 61
9 29
11 64
47 2
43 9
58 17
13 51
27 49
52 17
48 36
19 15
37 14
36 27
17 37
1 7
43 39
26 40
36 11
63 59
35 34
57 48
9 15
9 42
18 57
32 40
44 4
26 62
18 40
25 59
66 45
39 35
41 18
10 39
15 35
24 68
22 13
43 33
31 23
60 9
8 26
17 65
68 18
70 49
7 35
50 69
66 21
29 41
56 46
15 38
50 27
10 67
54 39
52 13
32 37
24 43
16 63
32 34
48 24
20 10
45 44
34 22
50 21
9 14
59 53
36 60
38 19
15 61
59 62
51 6
53 56
29 56
64 32
40 68
21 5
24 8
29 13
28 50
62 28
50 53
11 5
64 68
5 26
1 66
66 2
20 14
26 48
37 13
39 23
57 52
6 8
58 54
39 46
26 61
56 15
37 40
35 4
41 56
55 15
64 61
33 19
57 70
12 57
69 22
16 61
31 68
35 41
25 54
69 64
64 53
25 24
18 45
27 40
60 10
18 6
54 27
61 69
12 27
38 65
59 19
43 19
7 33
32 62
40 17
16 8
41 60
20 33
27 2
41 4
15 31
44 48
68 65
32 49
26 12
58 55
26 7
56 29
42 66
37 11
63 60
4 36
49 51
1 34
11 14
67 69
51 9
12 18
45 49
10 42
14 62
23 65
60 45
64 38
6 45
16 42
4 6
33 48
45 35
33 2
8 50
46 16
46 55
35 33
9 58
23 31
35 46
22 47
32 55
3 16
70 23
24 10
37 45
63 10
8 13
23 7
37 27
22 10
63 34
43 65
67 38
5 61
49 46
9 43
54 27
6 44
58 39
43 36
44 49
70 41
58 47
44 68
4 15
41 28
4 20
26 33
60 22
66 17
29 66
48 33
31 23
7 66
36 47
27 23
52 68
58 50
50 32
15 41
15 27
12 13
30 18
67 41
31 23
2 33
13 17
11 41
57 67
68 61
26 11
27 8
30 5
23 35
61 21
39 68
50 27
38 22
31 10
46 34
36 22
59 13
61 22
23 6
23 48
59 51
37 26
59 28
47 64
55 8
3 60
39 58
11 35
37 7
8 70
56 51
45 2
25 44
20 12
17 1
56 32
38 12
26 64
61 37
20 36
44 12
17 20
44 68
59 54
69 39
2 60
21 51
30 5
66 44
49 36
60 37
45 40
55 40
6 49
70 21
58 34
28 2
5 23
36 56
15 46
66 30
68 63
5 39
58 59
41 18
70 53
14 37
62 65
28 20
13 37
1 23
10 52
33 21
25 8
31 12
2 59
4 23
46 43
2 35
13 63
19 67
31 68
18 13
20 44
51 19
17 61
3 7
36 20
31 57
49 29
54 62
32 5
64 13
42 13
51 15
49 46
67 12
56 32
14 39
24 8
39 40
50 70
5 34
28 50
21 36
5 59
62 29
3 2
67 66
17 12
54 48
66 60
26 55
69 3
51 14
66 12
70 31
7 32
43 69
24 47
28 53
9 43
15 48
46 43
58 61
55 13
34 9
64 22
25 37
25 7
64 10
59 30
13 12
31 21
28 26
38 35
44 33
51 36
24 8
39 19
9 46
11 32
46 52
55 54
29 41
41 52
47 8
27 64
3 37
20 48
57 2
8 61
9 50
56 61
57 43
51 55
61 35
6 46
36 9
13 18
54 49
60 24
24 20
44 46
5 10
43 5
50 60
55 58
32 43
56 29
33 35
21 23
19 8
9 53
57 6
5 47
66 1
