100 10000
19 7
71 51
50 94
19 3
60 68
89 2
26 9
28 78
15 92
51 41
54 1
45 44
21 88
83 5
71 56
94 5
79 37
94 75
66 90
20 95
21 100
50 16
76 32
77 70
9 85
38 81
67 100
86 100
7 18
80 67
15 26
71 38
62 92
81 4
33 23
57 72
97 56
98 75
26 97
14 44
37 59
52 79
15 52
38 30
13 6
4 39
82 29
7 32
64 37
18 74
19 38
89 87
52 42
61 43
91 75
54 75
33 6
1 21
39 9
58 38
70 38
59 84
53 98
2 20
97 19
71 45
20 22
28 19
22 29
92 25
87 58
13 19
96 67
73 65
58 20
97 82
21 12
77 26
63 96
73 61
46 6
3 85
1 3
39 52
76 22
30 36
15 3
43 45
7 96
77 46
69 80
55 88
9 35
7 94
12 59
15 11
74 14
27 11
97 10
17 46
93 51
55 20
9 85
33 99
81 75
80 17
38 45
92 19
91 35
11 50
16 63
32 18
66 100
77 62
96 81
90 94
41 62
87 85
16 32
6 87
25 55
22 80
31 39
41 75
53 41
31 36
20 97
89 19
80 86
39 70
3 26
14 55
48 2
11 8
41 4
42 13
66 9
56 25
91 71
57 21
14 87
55 83
79 100
48 89
26 39
24 40
68 77
81 29
83 16
78 60
97 73
9 3
93 96
13 67
74 52
72 28
62 43
37 40
65 32
79 20
95 52
61 47
77 36
28 32
20 18
56 89
21 68
12 87
12 75
13 75
1 30
22 32
26 80
43 34
70 9
70 68
39 38
36 39
93 49
74 21
66 6
42 47
28 92
85 100
2 69
36 31
31 45
52 41
76 67
40 29
15 48
71 34
7 74
19 4
37 27
51 91
10 83
26 6
6 49
38 86
23 79
58 25
76 74
65 67
90 19
8 93
15 88
44 20
50 3
77 46
76 54
48 62
93 78
14 23
52 72
19 1
99 71
80 48
44 31
69 47
55 8
32 38
74 97
68 73
92 37
47 70
14 58
56 59
64 45
5 21
41 96
26 14
31 16
21 53
44 70
32 28
80 22
35 49
88 80
79 26
93 29
51 39
87 60
35 96
74 66
84 29
49 73
33 28
10 62
5 98
19 83
35 55
16 25
65 13
26 15
25 29
85 22
63 49
71 27
69 75
36 8
42 65
24 83
67 15
20 85
45 37
25 32
73 14
39 38
94 70
15 20
31 72
1 44
82 9
23 31
39 35
44 75
10 3
78 74
89 44
89 46
60 33
66 59
86 35
41 64
51 16
23 14
28 81
76 43
21 30
58 81
59 49
56 76
39 34
28 63
85 21
82 16
90 87
19 95
82 17
22 47
86 48
78 42
8 88
34 88
62 52
12 47
79 43
87 82
78 62
69 89
45 52
30 23
91 21
90 9
54 60
43 24
34 57
49 18
100 27
96 5
43 91
13 75
31 99
78 33
25 92
53 61
96 85
69 59
3 37
21 71
17 53
7 74
40 55
63 72
34 4
65 17
19 87
70 20
97 64
87 85
15 31
5 25
54 98
15 49
47 34
88 95
83 62
90 45
73 67
72 35
12 58
69 85
83 93
58 11
7 51
24 51
48 91
16 95
24 77
57 20
98 61
37 100
69 45
41 81
98 7
88 56
34 22
56 38
21 68
1 99
48 42
80 62
32 40
2 70
61 73
58 100
24 68
46 98
81 14
30 34
34 53
44 29
70 86
67 77
67 24
40 8
84 43
20 26
40 63
67 58
37 30
54 22
66 81
50 6
25 75
91 1
82 60
35 44
46 80
20 17
100 66
85 94
80 97
6 7
39 58
3 28
52 68
26 24
82 27
65 23
16 58
40 49
56 69
41 24
33 75
9 55
85 1
54 69
67 21
96 70
37 56
7 50
75 84
12 56
38 86
28 1
11 18
55 30
18 87
70 42
55 80
42 65
28 21
43 38
97 74
65 42
26 66
94 62
73 9
46 13
14 95
10 100
4 95
46 41
83 45
43 48
56 13
13 29
51 42
34 24
6 7
81 7
39 21
48 4
94 83
39 84
60 9
79 69
17 54
96 64
83 30
19 68
25 72
40 62
21 36
49 63
86 7
61 9
39 94
98 26
90 27
8 43
34 52
59 95
97 38
69 21
71 83
78 25
13 28
26 92
75 8
95 7
6 27
52 17
86 32
43 34
22 76
47 36
3 96
71 98
5 91
94 52
2 78
60 100
52 37
67 64
51 61
96 53
41 93
58 22
77 32
55 15
1 38
42 58
55 86
10 42
43 21
45 3
48 90
66 51
71 24
84 33
7 31
72 84
27 76
99 4
58 80
10 21
27 33
32 30
39 49
56 88
97 100
64 60
33 7
91 76
76 92
56 27
54 27
88 80
37 20
40 99
55 6
48 49
96 85
70 91
1 9
21 26
6 61
90 10
69 49
59 78
41 81
95 6
64 72
35 70
14 21
88 48
59 21
66 73
33 91
11 88
15 90
50 34
55 39
16 73
45 41
18 2
34 83
81 78
78 62
13 20
90 56
99 46
15 25
27 99
48 86
34 92
37 41
69 12
18 15
93 70
88 74
21 42
17 19
23 92
23 69
51 24
41 92
69 73
6 23
83 35
83 66
18 8
20 86
65 59
45 79
35 32
51 52
72 32
47 79
87 85
31 42
87 81
23 37
80 74
47 71
90 12
60 90
17 50
55 34
87 93
80 30
40 92
76 39
22 94
91 52
14 43
99 44
61 95
60 95
9 46
78 33
47 6
2 13
60 92
36 7
25 12
94 78
45 92
92 80
7 21
43 73
41 6
94 24
18 79
84 22
73 19
100 80
24 50
43 45
14 40
53 22
62 12
32 80
61 42
88 85
91 6
29 92
39 74
21 37
11 48
3 94
25 94
9 28
64 51
91 58
4 37
9 13
13 38
13 35
36 69
95 68
35 28
7 64
96 80
54 71
10 70
6 27
72 45
57 46
80 38
30 49
44 99
37 2
45 48
41 35
35 6
69 53
94 19
96 45
76 71
35 26
45 41
8 66
98 58
41 9
74 42
89 21
72 58
99 72
11 93
33 40
73 99
62 70
100 71
96 60
32 47
32 19
79 90
81 93
7 93
96 37
16 51
15 26
24 27
17 7
41 2
23 70
2 22
31 77
62 49
40 60
59 8
91 73
4 100
53 87
88 8
46 6
81 97
56 12
98 69
10 12
25 76
49 38
2 71
35 64
70 11
91 21
41 10
34 52
17 7
1 57
44 81
36 60
85 40
92 32
76 48
62 28
51 7
30 76
2 54
18 95
13 47
70 2
80 13
32 47
67 53
81 56
5 37
76 9
77 80
50 37
49 9
43 45
60 87
88 40
42 81
70 54
79 3
89 86
99 65
14 73
78 11
89 77
40 91
95 99
97 14
41 37
24 55
3 49
94 27
94 72
72 47
99 83
99 69
5 69
90 60
15 87
7 67
64 15
50 42
89 31
96 17
39 31
82 63
98 46
20 4
67 56
6 43
78 49
86 13
85 2
43 40
20 19
80 37
46 87
7 35
38 7
47 29
4 54
83 84
88 59
84 70
63 3
35 56
65 9
72 90
84 19
24 30
51 15
52 28
92 48
92 36
23 77
1 98
53 66
31 50
54 7
20 30
30 66
71 75
76 45
54 72
2 62
4 100
54 97
56 28
85 98
64 11
3 12
30 49
100 7
87 89
6 23
59 47
77 87
78 22
93 7
87 47
76 38
63 100
77 52
50 2
77 29
39 60
2 21
55 25
64 10
30 62
50 81
1 45
11 13
73 3
14 54
87 15
44 87
58 61
86 89
32 53
33 53
53 13
37 54
95 74
46 9
8 55
29 72
67 33
84 16
79 17
90 94
34 89
64 17
16 84
47 98
50 61
60 75
55 60
34 21
78 88
95 58
73 26
36 32
48 73
44 57
25 4
61 16
71 93
89 51
55 89
34 98
54 14
15 8
43 78
12 76
92 37
42 47
78 86
92 47
100 62
1 69
68 51
59 32
38 22
5 60
7 69
70 57
83 66
12 21
99 27
73 69
76 8
34 16
11 24
87 58
75 25
32 55
46 7
8 90
56 96
60 86
21 71
1 56
39 28
35 7
43 90
30 35
8 53
21 47
43 40
54 87
21 41
19 6
27 60
72 57
61 48
7 50
43 5
47 41
11 3
9 95
93 6
54 50
94 95
62 58
100 4
30 82
14 66
19 82
76 1
93 12
9 70
4 93
28 76
82 55
59 16
75 67
9 67
32 87
21 64
37 28
9 99
43 93
55 8
95 98
100 54
6 16
93 58
33 3
29 68
84 66
72 41
8 65
13 87
30 95
15 48
57 44
99 97
4 15
81 63
69 44
19 81
51 56
72 65
69 96
86 63
49 2
73 45
62 44
69 81
46 47
88 89
8 37
42 6
80 7
43 14
86 16
25 90
87 68
95 28
88 18
35 2
8 6
89 38
75 32
17 8
21 48
33 35
31 76
44 64
67 32
41 33
91 37
98 52
30 86
49 9
26 73
15 51
99 52
71 32
71 2
16 52
48 38
16 10
97 16
70 24
21 91
97 26
79 47
94 47
28 32
35 59
76 14
46 34
57 28
26 11
74 41
30 14
74 49
87 47
83 69
91 45
79 3
69 80
30 99
26 23
94 65
79 55
53 72
9 49
87 32
43 60
37 5
71 45
11 90
42 9
91 71
75 55
12 95
12 36
73 36
70 58
55 47
89 35
10 90
7 66
16 70
15 14
56 57
67 68
71 28
35 87
34 78
68 34
74 48
54 14
47 31
54 21
2 13
73 51
43 52
95 45
28 1
24 53
96 26
71 47
40 97
82 28
1 59
100 18
76 66
7 45
37 39
6 13
88 32
19 13
8 75
94 5
75 33
53 21
43 49
74 40
28 7
80 50
99 33
10 39
81 61
7 93
9 48
72 42
90 32
61 24
27 76
52 98
13 3
57 70
17 85
76 98
43 22
94 53
60 8
4 13
17 41
6 63
41 86
58 80
35 82
70 76
90 13
18 69
75 82
20 16
59 90
82 97
13 94
31 94
80 36
22 36
64 70
61 10
17 50
11 64
55 93
11 21
72 20
51 41
88 58
86 36
95 60
62 29
23 31
63 12
80 34
38 37
98 1
15 2
55 83
91 25
34 77
78 92
93 57
43 66
20 12
55 5
75 68
58 91
88 74
6 67
51 45
10 78
60 25
36 96
29 37
87 23
81 6
49 31
38 46
26 41
47 54
24 59
47 32
73 69
68 66
65 36
61 97
61 78
73 11
56 39
62 81
65 2
55 69
100 24
57 69
37 53
38 46
64 98
81 82
80 81
12 27
58 21
6 62
11 46
94 53
44 59
10 21
68 7
8 21
89 99
92 9
31 54
88 63
43 55
71 34
5 15
71 62
55 72
99 41
88 7
25 13
43 76
45 63
29 85
88 18
78 6
15 50
92 84
73 30
94 77
16 42
34 53
17 49
16 37
7 69
29 74
48 62
29 6
60 87
69 8
16 60
34 39
44 53
12 55
73 41
87 56
92 72
10 69
38 54
75 54
94 38
49 70
90 48
10 6
62 51
1 80
11 88
5 93
85 69
8 68
33 6
28 48
28 79
18 34
62 33
74 37
4 12
56 36
83 76
55 33
96 14
61 1
63 8
5 10
30 22
40 49
89 30
87 36
96 56
6 8
48 37
38 8
87 66
4 73
55 81
47 36
86 93
98 95
73 97
76 20
61 69
46 12
84 1
73 65
94 76
97 5
1 66
87 21
4 10
67 35
2 37
91 48
88 21
63 10
6 91
51 39
82 90
12 77
23 97
26 88
67 25
19 3
10 100
91 71
53 39
11 34
28 25
74 61
97 2
83 27
14 10
24 80
82 3
40 19
85 94
59 80
8 3
69 18
94 56
98 30
73 70
85 83
14 3
88 64
37 29
66 97
29 34
57 2
86 98
20 18
58 9
19 5
55 42
29 79
69 65
57 31
53 69
30 44
30 63
50 48
96 89
48 72
76 68
26 89
69 46
51 14
47 53
6 100
34 78
29 80
87 83
71 65
20 66
43 99
75 27
54 21
30 10
22 32
14 19
37 18
36 48
42 16
42 90
8 40
72 48
29 91
21 82
8 20
94 24
79 20
98 33
14 88
60 45
18 22
19 27
72 80
49 71
79 43
45 4
38 29
10 75
35 16
13 79
92 44
83 55
18 17
93 52
2 99
1 100
15 29
68 100
58 3
6 3
84 39
100 32
42 87
10 88
29 77
2 53
100 50
91 20
85 24
62 52
92 80
50 77
46 53
27 82
7 83
74 12
96 64
21 85
66 55
50 5
42 52
5 88
91 49
31 58
55 100
44 62
90 35
29 63
84 46
70 74
88 44
46 86
16 15
98 7
14 56
18 12
34 24
95 53
41 93
26 57
56 97
84 72
31 22
20 3
74 1
48 3
7 15
96 10
31 11
78 90
84 30
8 4
21 57
85 34
19 39
40 57
80 76
20 84
67 15
98 47
63 57
86 70
34 91
30 91
88 48
29 67
66 93
6 5
8 7
86 37
87 29
86 55
88 12
90 86
78 13
75 13
40 70
6 89
97 20
51 5
18 95
32 9
19 6
98 80
50 99
31 33
35 65
30 6
26 37
96 16
77 76
16 8
39 48
38 58
66 55
83 17
86 74
37 64
28 67
87 67
31 56
90 83
58 74
12 31
58 4
11 76
99 81
62 52
58 12
79 39
67 77
22 75
6 92
47 30
30 68
88 14
65 22
1 93
77 35
94 75
70 13
40 46
94 66
44 80
92 47
71 12
38 15
37 45
54 70
86 19
13 47
72 34
95 46
22 8
8 46
38 95
34 79
17 57
81 13
14 63
34 68
70 78
12 3
11 9
42 61
80 64
43 18
51 35
48 31
55 41
94 54
26 29
25 15
20 49
90 18
18 46
59 26
45 30
33 83
64 89
97 61
77 47
8 31
89 1
79 87
99 79
53 41
4 51
15 63
39 3
2 59
51 77
82 54
82 93
49 59
35 74
30 59
44 13
18 36
61 73
79 19
63 85
31 65
37 33
33 77
39 34
29 80
34 5
91 76
78 12
29 26
52 45
30 25
100 80
83 28
76 78
73 63
18 25
93 99
58 93
7 21
2 69
84 96
41 7
56 52
45 4
24 63
68 57
81 23
51 53
91 62
82 48
31 5
29 41
38 46
18 89
24 30
33 55
29 32
27 41
83 24
63 13
42 93
80 54
27 91
77 3
58 89
47 7
24 48
19 68
66 6
6 75
43 37
67 81
86 73
56 98
53 56
28 87
75 68
33 76
70 14
21 13
80 20
73 49
72 75
85 44
68 2
31 29
80 37
54 76
44 15
60 41
29 40
21 32
89 72
25 82
71 90
38 59
100 62
20 22
57 52
80 27
42 22
89 74
28 18
85 84
68 45
61 97
30 5
57 29
3 81
14 94
47 100
11 5
80 9
27 13
44 45
9 55
67 20
35 8
95 52
92 18
15 49
22 43
41 72
96 20
80 47
45 35
54 34
36 81
54 18
57 85
7 40
82 52
28 2
24 63
30 43
94 28
41 30
81 33
7 19
47 92
44 22
23 97
72 94
11 35
76 3
55 59
57 61
15 23
47 78
28 36
20 32
11 24
71 45
88 53
17 48
73 81
3 67
1 4
30 4
2 53
9 22
87 45
43 14
94 6
78 36
35 30
37 50
3 61
91 4
23 75
98 7
34 43
81 25
70 73
87 62
4 13
1 70
47 57
60 49
13 15
16 86
14 37
42 85
55 4
43 25
8 53
43 70
63 51
79 20
39 27
83 66
77 42
77 80
30 34
12 85
35 74
70 98
64 1
58 29
70 7
38 19
41 73
22 79
50 84
88 16
6 90
14 39
49 24
8 51
41 97
15 27
4 57
6 63
33 39
41 43
44 60
93 38
25 70
21 97
97 58
36 54
25 10
97 37
61 64
82 50
10 72
9 69
81 74
86 41
74 2
7 30
65 74
23 31
12 4
55 40
91 89
96 49
47 92
91 53
32 28
51 88
51 25
95 41
65 36
61 1
53 90
49 30
54 14
99 81
71 88
25 84
77 70
23 21
72 62
48 14
30 14
76 74
99 79
84 66
72 11
28 89
8 60
1 99
70 6
80 32
37 52
89 22
37 84
25 86
9 2
92 82
87 34
7 3
56 45
70 28
25 51
70 58
21 2
73 36
91 64
50 62
73 45
5 31
86 57
57 76
40 51
89 98
66 63
69 67
24 92
59 54
90 75
88 38
17 62
95 99
38 6
2 26
100 45
64 84
6 25
84 50
79 91
41 24
41 37
67 61
14 37
24 37
34 19
81 100
47 23
41 36
24 72
37 30
42 27
27 73
70 42
78 46
21 33
64 87
34 20
88 44
32 51
48 73
58 17
41 34
17 97
2 81
69 81
40 52
88 86
21 92
9 88
100 99
75 24
30 71
95 81
93 81
73 46
68 35
12 4
44 82
6 9
66 84
57 50
22 15
37 54
53 28
43 28
73 86
95 20
36 76
31 79
64 35
86 91
18 13
58 52
6 83
74 34
73 40
5 20
75 31
81 31
66 6
9 81
37 89
59 62
49 75
10 74
67 17
38 77
72 29
15 94
12 45
82 16
68 98
32 12
40 37
72 89
97 100
1 43
48 46
34 89
21 67
21 55
9 18
77 88
45 23
88 28
97 60
36 88
93 52
10 61
48 88
75 37
28 20
81 30
87 24
73 45
77 20
35 72
83 95
75 40
21 57
51 52
93 33
19 68
39 72
95 48
11 20
41 94
18 34
93 23
48 67
67 95
16 83
55 62
48 46
85 81
46 34
12 23
36 66
23 41
80 63
53 21
26 88
31 56
79 53
45 28
31 69
21 75
40 75
63 49
49 85
72 62
44 100
27 26
32 13
19 91
8 44
74 19
50 92
47 84
53 64
38 6
75 96
51 16
16 49
50 11
1 29
58 80
94 68
97 75
32 62
29 31
91 6
51 3
86 56
87 53
98 44
9 69
19 93
51 98
23 55
25 1
100 82
47 48
30 25
62 96
63 27
83 24
30 77
27 84
44 14
6 35
70 2
88 77
69 24
35 41
13 79
62 41
71 53
99 37
54 11
23 19
37 62
93 46
7 98
58 70
27 69
8 86
26 73
26 87
79 19
18 46
22 29
51 69
84 29
67 19
57 71
94 92
99 38
53 37
84 48
49 34
32 14
89 95
76 73
71 54
4 44
88 28
86 11
79 20
17 2
86 18
59 67
25 41
56 84
77 2
84 67
3 71
8 64
90 89
26 2
40 82
21 62
9 75
82 19
99 11
85 92
65 35
17 97
72 60
16 74
36 12
84 63
44 21
60 15
50 48
24 49
8 87
88 21
2 96
53 80
33 56
89 56
14 36
2 45
25 16
43 58
51 47
27 33
32 48
67 39
17 12
36 21
87 14
3 86
66 89
76 6
55 2
52 84
87 23
90 37
38 37
9 52
56 55
68 75
63 32
78 88
55 18
72 22
5 89
45 4
73 36
1 73
32 45
63 64
9 79
22 35
79 54
1 37
58 3
10 26
19 11
89 13
31 20
91 54
87 7
16 61
22 14
73 37
67 78
42 53
4 38
93 7
44 30
5 68
10 37
68 49
52 47
14 89
69 60
12 5
15 87
2 14
34 68
44 91
7 22
77 52
94 34
23 4
77 79
5 56
50 43
49 93
88 92
94 78
35 17
40 44
59 76
43 53
45 11
87 74
11 36
87 100
87 60
81 10
40 53
35 37
13 87
14 99
32 3
18 49
47 31
99 25
99 95
39 5
52 92
65 78
66 39
96 25
51 30
78 46
59 84
37 56
63 12
62 14
50 58
96 9
87 46
26 39
33 19
70 34
2 49
47 27
96 88
84 92
27 82
78 94
85 29
34 68
64 91
41 2
32 83
74 46
91 35
39 79
87 9
93 69
71 20
95 10
38 85
87 76
94 28
10 36
30 83
7 5
85 2
83 39
9 50
91 73
40 15
15 55
35 72
11 48
79 66
94 80
46 65
68 26
80 75
71 74
70 19
49 3
68 78
37 5
36 32
51 80
41 1
24 35
16 65
91 94
54 15
94 20
64 31
41 66
22 88
58 74
5 67
36 81
5 29
37 6
63 57
68 64
24 52
59 64
81 32
77 96
97 29
45 62
57 51
66 39
75 86
45 76
55 36
18 44
53 34
48 8
46 51
88 90
39 76
74 82
100 91
71 76
30 25
76 4
22 99
70 29
84 57
16 7
36 54
32 29
32 13
2 75
52 35
31 5
69 78
40 22
47 28
57 6
47 58
70 56
6 93
45 33
19 57
25 71
73 13
69 99
99 92
19 75
54 87
78 85
87 81
37 98
18 54
17 60
15 40
63 81
5 9
31 25
42 82
70 32
29 70
13 34
69 85
48 85
71 17
72 94
7 53
33 12
75 73
61 64
19 59
87 59
23 69
61 99
65 41
34 67
36 52
57 74
38 95
100 4
70 29
9 65
59 90
25 36
60 5
56 77
5 84
86 75
5 7
6 3
38 57
33 23
98 99
71 12
10 14
59 16
2 33
78 17
70 89
56 40
20 71
10 99
27 62
77 72
33 62
34 43
3 18
44 48
72 31
25 66
93 15
37 70
84 3
42 46
64 81
34 26
79 54
76 86
92 57
51 86
17 98
25 45
59 76
50 10
81 25
86 10
32 52
55 44
98 62
97 100
30 58
71 13
13 18
53 31
9 93
4 65
41 28
84 100
50 96
11 82
13 39
71 84
74 51
47 60
11 74
3 84
55 48
36 17
7 48
33 21
32 3
29 58
47 11
2 28
72 9
31 87
48 44
75 18
47 44
84 18
91 15
28 5
95 96
20 91
96 7
20 40
55 18
28 8
33 35
47 90
54 47
10 37
79 93
34 70
92 69
23 76
18 50
73 35
58 4
71 50
92 95
71 36
57 42
87 23
78 36
95 60
63 31
85 37
49 76
92 71
48 32
85 76
57 62
25 82
89 30
97 50
56 4
24 22
71 3
85 71
62 35
51 16
63 91
43 81
70 95
65 61
79 76
79 53
67 27
92 7
7 95
63 14
22 9
19 10
39 13
86 14
94 66
59 29
84 3
46 48
98 77
1 65
100 71
80 37
79 1
60 70
44 37
40 34
54 57
83 82
76 92
69 32
80 72
25 5
25 98
18 7
62 90
46 64
89 38
28 33
73 52
4 36
64 45
6 59
61 55
6 91
4 52
99 90
1 12
71 17
57 51
65 34
81 80
39 36
44 83
88 54
82 56
19 3
7 46
10 13
24 41
39 81
84 29
10 21
40 55
56 100
59 35
71 79
7 69
43 69
59 12
74 2
6 44
58 57
50 1
14 5
30 5
53 76
69 46
22 15
17 22
58 27
12 61
93 76
39 47
77 76
5 16
25 5
76 57
60 52
61 69
16 75
43 30
43 27
16 80
33 99
89 74
12 31
61 13
66 62
5 38
99 73
66 80
32 1
18 36
5 85
79 19
28 65
79 72
80 37
91 99
39 47
84 31
56 9
84 89
74 57
99 39
3 95
19 6
74 6
82 52
25 87
77 35
80 13
39 27
68 39
66 72
73 17
78 98
44 87
80 47
26 97
76 13
27 98
19 45
51 33
50 85
13 10
81 7
51 70
41 36
84 6
79 30
42 28
15 50
36 87
86 78
88 83
40 32
66 94
14 18
72 25
53 40
64 99
41 45
13 16
11 70
6 7
4 73
78 97
44 75
46 80
23 19
38 69
20 21
52 23
45 35
91 18
55 48
50 8
52 44
39 63
48 77
32 9
4 57
17 79
96 82
64 83
36 20
95 85
86 59
10 94
6 50
22 36
93 13
23 100
99 56
92 36
77 21
5 57
95 75
92 54
39 41
17 35
4 71
64 95
12 14
71 42
35 74
81 8
42 59
32 88
65 86
24 30
93 7
18 5
62 94
34 94
53 54
81 63
40 15
19 33
14 54
79 63
63 40
30 49
62 95
64 37
58 96
19 33
3 22
10 27
16 90
23 27
19 77
1 6
74 53
50 41
94 75
86 6
59 47
47 11
49 80
19 12
94 4
86 49
90 86
29 10
81 7
67 58
12 100
87 41
20 51
37 6
6 14
93 61
73 34
51 98
76 66
14 44
37 10
7 67
43 48
87 15
77 65
59 66
92 77
29 46
61 87
54 20
17 6
67 98
7 48
22 7
14 57
83 49
20 16
68 10
96 38
52 24
49 85
18 63
8 19
3 92
94 24
83 36
83 35
28 100
17 42
29 49
75 82
56 12
14 80
89 58
31 50
53 27
31 98
32 74
50 98
7 3
85 31
23 29
61 50
20 76
93 18
70 60
91 55
100 64
23 13
36 92
35 59
45 71
89 69
25 26
36 22
99 63
16 26
10 67
77 86
40 13
77 99
99 60
15 54
32 41
52 95
3 22
61 30
40 64
11 20
14 67
34 12
26 13
14 35
76 26
13 7
30 59
59 65
4 58
97 67
30 59
39 46
77 86
47 25
39 27
23 45
81 45
82 7
52 72
84 77
78 43
77 61
69 6
10 16
63 5
47 88
8 87
34 83
26 47
15 14
88 39
15 47
81 40
18 83
6 16
12 80
55 49
39 29
74 46
7 45
14 65
29 31
29 27
97 41
67 22
40 96
93 100
90 94
71 97
57 1
19 41
96 29
63 44
41 69
6 4
44 55
4 50
25 79
78 45
58 72
99 58
79 72
21 2
52 43
33 31
79 27
27 84
23 91
94 48
78 55
50 23
44 98
33 77
25 29
93 21
39 17
78 55
50 20
25 54
26 41
89 66
36 59
50 60
81 66
97 13
50 43
41 55
19 94
10 41
40 7
8 5
56 49
71 10
40 31
55 68
30 63
9 36
68 13
47 34
3 52
26 83
60 81
17 52
49 42
66 87
50 19
34 86
50 88
77 53
38 9
95 12
85 17
73 39
50 67
24 36
96 4
32 29
49 15
43 47
8 24
48 88
76 82
69 82
86 89
21 22
87 16
90 61
32 12
84 99
35 23
72 11
25 38
22 100
54 7
44 7
15 4
57 2
68 54
90 55
82 59
37 83
55 65
64 20
93 44
70 68
68 76
3 15
8 52
80 44
58 85
4 73
56 5
53 30
59 46
22 38
43 66
79 47
62 64
42 85
44 82
3 82
78 8
83 40
28 14
90 7
43 75
57 43
84 43
24 23
79 66
76 86
66 18
66 94
99 94
83 28
85 5
94 65
32 83
37 65
32 28
56 35
98 91
77 66
79 81
98 95
15 3
38 12
27 52
20 34
76 36
94 44
89 86
36 46
17 63
79 99
3 12
22 8
68 88
24 87
53 60
88 92
90 78
7 43
64 70
42 56
23 64
57 17
53 88
17 100
97 80
79 11
57 22
3 50
1 71
90 33
30 29
76 54
24 17
11 67
35 2
50 90
6 33
67 100
63 7
38 83
9 30
67 44
27 4
71 77
57 78
76 92
14 11
9 2
45 70
15 9
43 35
10 31
32 75
57 52
73 19
49 40
52 14
55 34
15 100
27 6
85 83
57 8
26 18
72 87
49 9
18 35
57 50
93 72
49 71
29 37
11 69
72 81
74 11
73 81
27 49
62 32
52 34
21 86
4 46
7 1
29 80
56 19
59 41
4 79
38 44
1 75
91 68
83 56
15 29
59 54
83 27
12 43
10 65
25 9
50 28
41 53
40 17
17 16
16 2
50 58
98 62
52 14
23 28
24 72
24 32
12 51
17 3
25 36
28 58
84 61
52 10
26 2
66 99
50 35
96 88
11 3
21 57
91 27
50 6
49 14
72 21
56 71
7 71
2 89
32 64
22 18
52 14
26 8
64 86
38 71
47 24
91 98
43 81
92 69
48 92
97 24
19 35
47 87
32 89
50 8
48 3
31 73
84 88
66 59
88 67
69 99
2 32
14 9
20 43
17 68
29 92
76 36
85 58
74 84
96 93
41 49
75 87
43 52
7 10
53 56
60 80
59 58
100 58
29 62
69 86
30 2
71 61
55 54
8 87
72 1
39 42
90 1
47 82
62 86
51 17
40 15
48 97
17 37
75 72
13 95
13 87
90 4
1 32
79 84
81 15
2 39
17 57
3 8
46 4
51 31
84 48
54 55
1 42
73 22
16 40
100 52
83 90
49 92
18 59
72 75
45 33
12 46
97 37
68 16
96 24
96 70
65 61
48 29
37 32
85 24
45 68
39 51
53 86
72 33
98 4
39 99
57 83
66 26
61 77
98 32
88 85
37 90
13 56
85 87
52 62
12 42
9 59
78 47
69 43
69 78
14 12
40 11
62 48
21 44
60 28
3 67
47 18
20 13
1 4
3 51
38 39
35 97
90 84
31 50
20 42
59 43
6 52
58 31
63 32
51 28
11 98
50 96
54 57
41 25
81 65
71 80
81 5
18 63
42 22
54 15
18 55
32 30
40 10
81 99
73 33
1 69
2 59
52 95
84 42
67 27
2 28
68 39
75 43
18 75
53 87
78 17
63 52
53 16
20 6
35 20
82 27
46 71
64 28
41 76
5 89
81 3
86 80
16 54
68 34
40 16
79 18
5 80
80 8
40 42
24 43
41 78
75 99
34 91
10 84
85 26
65 57
34 88
78 2
27 76
44 26
6 98
21 66
30 13
48 84
47 50
55 77
21 90
2 56
50 16
83 84
21 77
36 10
67 42
33 84
37 10
7 59
4 45
69 83
88 90
95 62
37 42
6 32
21 63
89 30
1 30
35 62
79 9
27 48
27 18
47 80
95 38
25 6
56 22
89 45
44 41
77 65
39 81
63 53
9 81
99 57
95 2
15 96
6 79
69 59
30 19
64 45
56 91
51 10
20 32
76 32
76 6
79 53
55 80
60 34
67 65
93 53
68 46
58 61
35 26
54 64
64 45
65 40
72 77
8 91
79 52
11 57
15 95
91 26
87 92
89 93
85 22
97 91
37 60
80 70
59 10
30 58
85 44
80 11
31 96
8 41
57 56
92 43
13 22
67 13
86 6
20 70
30 72
85 34
37 15
77 65
99 63
34 42
82 48
27 36
78 57
36 29
27 6
69 14
18 70
71 73
37 89
63 23
26 79
72 26
88 72
37 88
34 30
41 42
2 82
22 75
24 47
26 34
52 21
81 43
79 51
53 42
14 58
13 82
82 51
62 92
14 69
61 74
77 9
43 16
77 65
43 38
97 22
48 24
92 37
45 49
11 25
87 32
7 55
2 50
9 41
48 38
84 44
84 16
2 74
100 67
92 9
28 19
25 82
37 31
55 87
87 56
98 41
92 36
51 82
86 8
75 60
85 86
9 57
50 100
63 61
29 19
1 67
24 89
17 64
14 80
62 38
73 92
5 30
36 57
3 82
18 58
16 65
53 91
89 34
100 32
31 44
1 37
98 97
35 84
92 35
74 98
71 50
6 89
18 80
52 63
73 12
93 38
40 30
76 54
89 77
56 87
82 45
24 75
67 1
82 60
58 55
49 41
84 79
87 84
19 48
99 86
15 79
36 9
35 26
43 53
4 10
41 7
47 68
78 87
56 22
99 92
39 97
77 57
78 48
75 32
44 27
52 38
32 41
51 49
25 3
33 6
8 19
27 31
80 73
33 97
93 37
96 59
60 87
24 61
61 5
43 34
38 53
64 19
73 93
1 74
26 5
78 68
42 40
100 39
29 63
87 89
73 77
32 75
1 21
63 50
59 48
18 5
10 20
92 78
85 70
55 69
26 40
3 88
56 4
80 89
85 83
20 38
69 35
27 24
93 41
81 73
80 84
24 94
94 84
51 49
16 52
48 40
34 1
2 45
61 60
64 100
9 32
72 92
8 5
57 34
64 71
70 36
37 21
49 8
37 78
65 54
75 19
100 13
16 27
65 27
53 58
59 100
51 50
16 48
6 13
75 14
51 5
95 5
61 63
29 35
63 85
62 80
88 100
35 48
7 98
47 10
21 36
49 62
5 14
27 100
35 70
36 3
76 13
39 91
40 18
41 91
29 53
39 88
33 25
69 91
100 75
33 31
55 13
46 65
70 39
41 98
91 81
32 93
29 38
34 86
58 79
92 20
70 11
35 20
93 56
43 56
60 40
85 93
61 54
27 1
67 85
23 9
15 96
71 76
89 29
4 95
52 49
90 35
26 53
26 18
45 5
100 10
92 75
69 4
75 5
30 74
34 100
16 18
26 1
2 45
61 64
90 1
49 96
3 59
65 9
52 89
100 46
80 93
19 84
53 37
87 92
89 17
24 48
37 12
56 7
44 9
54 60
45 33
60 16
23 30
53 57
76 78
70 77
7 70
99 34
32 81
91 26
91 35
14 3
9 2
22 7
14 16
4 95
8 15
69 81
95 99
7 89
39 27
27 60
25 69
34 76
17 14
53 77
77 63
83 96
53 58
87 47
94 62
99 78
63 18
54 12
27 82
7 58
77 14
56 100
58 41
40 28
34 48
33 98
71 4
35 94
77 8
35 79
80 12
1 98
74 23
62 49
54 50
47 53
6 15
12 33
98 63
14 8
30 12
41 63
72 31
62 97
4 79
95 69
18 56
62 31
67 25
38 71
37 7
2 97
94 68
20 79
77 93
66 79
33 28
16 82
68 47
33 73
22 95
90 24
87 26
82 62
60 69
17 95
75 42
36 90
42 67
2 79
32 21
22 62
40 79
11 46
36 80
79 43
3 4
95 100
54 42
93 98
27 99
20 46
13 36
1 19
48 36
70 94
21 27
70 78
77 35
14 95
88 26
20 15
6 58
27 100
37 7
64 67
12 77
92 55
26 24
31 92
69 22
51 73
60 44
95 22
1 54
28 95
64 90
56 19
82 49
62 85
59 6
7 95
37 20
64 97
22 97
33 79
21 90
43 93
70 11
39 68
86 22
18 68
24 43
91 20
54 57
68 47
8 2
29 91
76 97
82 97
93 87
22 3
37 78
11 5
47 96
75 19
61 27
66 34
17 6
41 86
1 79
77 35
66 45
63 27
21 66
55 70
86 12
48 16
46 72
39 5
50 16
84 25
78 49
64 50
99 18
4 9
37 28
73 17
78 40
34 41
58 80
45 11
69 10
74 72
4 67
38 48
48 25
2 68
17 38
62 27
24 87
14 49
53 90
32 36
34 40
35 62
86 91
10 44
75 53
59 64
85 88
41 44
61 52
11 45
27 76
58 74
32 21
11 70
36 61
94 57
81 13
4 7
30 68
58 43
25 18
48 42
18 66
59 82
98 92
39 35
100 87
78 37
15 20
11 44
39 18
52 39
75 32
36 10
93 50
18 4
70 96
84 81
82 77
20 80
97 77
23 26
89 20
17 74
74 25
18 12
80 55
57 66
53 36
91 50
44 49
96 45
50 95
51 13
45 97
89 60
28 64
82 19
53 49
59 41
92 31
81 45
17 22
37 55
89 29
42 83
5 41
30 100
10 28
89 14
72 31
99 4
48 21
52 92
33 68
13 26
55 3
37 3
100 45
1 68
56 73
2 47
99 28
49 26
35 77
53 50
20 64
36 9
33 8
79 9
6 57
17 90
52 38
100 80
95 84
48 75
89 37
74 54
96 53
63 1
55 97
82 66
62 83
49 67
46 76
73 54
42 11
1 76
53 59
23 83
45 36
63 12
1 58
94 78
56 24
16 21
36 34
66 79
51 28
37 3
58 82
78 73
49 2
88 39
92 68
9 19
50 13
5 67
28 44
40 87
98 44
16 78
87 97
34 70
32 22
5 36
57 60
62 61
28 34
38 99
31 8
90 72
50 80
57 22
87 35
54 6
85 49
68 61
53 49
60 90
68 30
63 54
71 72
1 50
37 68
35 21
93 32
66 27
98 12
30 27
65 80
35 70
22 47
87 41
83 89
82 79
47 42
49 57
49 54
56 97
79 19
80 79
83 5
41 75
13 77
65 5
46 70
76 63
99 31
61 90
100 4
59 58
74 48
54 2
34 40
50 100
75 63
100 23
56 36
4 84
23 80
72 88
91 29
23 61
99 16
75 61
21 27
80 93
80 27
90 15
38 84
95 73
22 48
15 52
24 92
58 10
52 11
22 52
59 65
46 73
54 14
28 17
32 4
55 14
93 8
66 43
25 45
68 7
21 95
13 91
75 98
28 98
57 4
91 10
70 91
28 66
12 1
40 54
31 30
58 12
41 29
41 47
24 79
39 63
31 87
19 90
49 40
32 38
77 59
35 21
56 62
89 76
74 81
51 24
13 77
5 12
8 28
91 16
18 75
86 100
57 88
68 15
11 88
64 12
100 42
55 89
13 38
90 35
71 75
41 72
39 58
2 100
75 44
36 11
51 64
25 66
89 87
96 29
48 81
7 44
86 43
78 55
58 23
6 80
39 46
43 4
95 59
95 58
37 38
97 55
87 22
74 89
1 2
63 61
29 16
48 45
16 49
10 30
10 23
32 2
39 70
95 29
78 100
12 17
91 77
47 57
36 23
2 89
16 79
15 74
53 40
2 13
18 94
87 45
17 80
8 30
6 74
10 90
31 68
92 35
90 53
59 15
26 49
100 75
94 84
35 73
37 33
18 90
56 23
69 29
39 51
60 86
4 20
80 4
26 21
62 67
40 43
70 94
32 89
73 50
52 2
4 41
92 6
86 41
38 86
54 19
80 99
79 84
14 51
78 34
1 36
19 32
33 46
60 18
61 50
33 63
21 13
39 71
71 77
45 53
39 13
58 93
73 12
33 31
75 51
3 91
96 19
40 38
82 75
74 92
89 84
85 24
6 82
85 2
73 98
40 18
55 42
25 1
60 15
46 71
83 4
71 68
81 28
20 10
42 64
15 23
36 15
28 67
46 100
55 22
78 3
46 68
91 64
24 3
67 3
99 17
94 86
50 43
42 34
80 15
5 43
99 74
22 67
54 63
17 23
44 11
74 38
19 31
85 36
94 49
73 52
78 31
45 18
73 63
62 30
46 45
20 99
55 36
92 9
63 89
99 83
4 82
86 18
91 36
11 48
79 89
67 74
49 11
55 39
31 96
89 94
100 68
41 44
42 50
37 36
4 91
28 73
12 9
92 67
10 26
61 54
15 38
32 6
96 29
4 57
84 74
68 80
13 29
50 63
88 86
66 84
80 99
13 28
51 14
43 18
65 33
21 85
7 9
8 39
81 63
36 69
24 78
1 59
37 39
14 50
21 47
79 92
53 60
12 41
47 70
77 82
2 28
27 97
54 75
12 49
88 55
2 76
17 54
10 15
61 1
52 40
97 23
64 53
46 80
77 62
40 67
52 23
84 9
73 84
26 24
30 11
67 33
63 13
96 22
40 74
17 9
78 92
91 26
87 88
31 49
100 41
72 10
86 46
93 31
15 76
25 50
41 71
49 76
46 80
98 76
70 21
72 29
15 29
92 91
84 60
30 59
72 64
8 34
60 23
94 87
32 86
56 70
86 51
11 93
89 96
63 22
87 34
98 7
80 92
24 49
29 73
25 94
62 49
31 28
85 20
49 71
8 13
89 78
6 65
87 11
27 98
28 51
56 52
40 75
68 43
87 9
77 95
100 51
80 91
69 51
69 35
1 61
79 26
58 65
26 16
83 42
84 92
52 20
39 83
28 35
71 96
34 9
57 11
17 45
80 38
55 2
12 98
27 20
22 95
11 84
89 4
70 91
29 56
83 22
54 100
16 45
29 46
8 91
24 19
18 68
85 71
31 68
74 64
53 5
24 62
46 40
100 61
81 80
32 45
37 22
44 30
36 60
15 90
93 79
18 42
26 36
36 92
43 78
8 58
73 82
13 42
33 46
1 84
78 51
39 32
71 83
78 53
26 24
47 79
1 63
31 53
65 94
82 31
99 66
45 26
33 17
98 67
91 25
2 24
35 59
94 59
83 38
58 97
36 81
95 16
17 97
7 81
40 32
52 64
53 91
1 27
13 41
25 10
44 53
70 65
43 81
83 32
75 81
54 59
73 60
51 44
84 75
19 43
70 28
89 73
35 69
49 25
67 99
4 78
61 35
14 88
91 63
80 42
3 90
53 25
77 72
45 72
18 84
50 14
91 38
26 76
48 8
28 20
21 29
86 15
88 90
40 99
49 47
44 54
33 52
24 77
36 57
75 54
87 81
40 27
51 52
5 16
52 81
30 57
14 81
36 1
83 14
58 8
47 69
31 50
35 55
86 63
39 92
96 49
100 52
94 48
15 44
52 33
51 31
7 82
96 37
18 59
27 43
89 55
37 32
52 28
10 49
41 4
76 21
60 15
42 79
25 5
14 52
10 26
96 46
34 28
56 21
15 1
79 54
69 79
23 83
52 34
31 5
18 49
36 82
55 93
74 47
79 7
80 31
4 35
27 50
1 64
36 73
27 83
5 92
68 100
80 25
2 38
27 79
99 53
13 31
5 81
49 11
28 32
5 52
78 48
67 33
46 59
64 70
50 45
8 26
24 13
39 89
61 64
15 98
81 29
23 11
40 23
21 56
28 51
90 23
17 47
61 27
88 43
87 96
8 4
10 45
68 48
85 71
50 20
85 43
6 90
96 48
38 83
97 62
39 94
17 52
62 23
53 50
25 17
30 12
25 44
15 86
83 52
66 46
72 13
4 37
87 21
4 22
91 84
88 13
34 79
76 77
19 56
17 23
61 76
31 9
58 62
24 80
29 98
51 10
40 3
81 88
59 88
55 53
59 50
42 58
59 49
30 36
3 11
56 81
44 17
96 7
74 1
32 67
46 8
63 91
32 86
38 13
2 13
2 58
82 62
32 11
52 32
40 84
18 91
82 12
39 98
77 58
11 67
18 52
38 6
83 22
74 22
60 55
44 4
89 43
1 10
84 21
96 5
5 68
29 21
72 18
99 7
13 57
10 65
48 5
53 72
17 89
85 75
73 83
23 37
1 91
64 34
32 87
91 14
45 98
26 29
91 32
81 90
11 92
53 56
6 75
6 79
80 54
62 51
98 51
24 36
88 40
54 9
52 83
92 54
85 67
73 61
48 88
95 11
78 41
39 47
85 47
46 1
49 9
21 49
35 95
24 70
90 12
100 27
8 89
98 9
66 8
21 79
100 53
89 36
46 48
27 97
6 38
10 65
92 32
36 47
40 83
33 67
32 98
31 49
63 78
49 33
47 45
11 100
82 22
10 65
98 64
91 34
96 21
34 96
27 46
29 12
50 26
17 34
54 81
45 69
75 86
98 20
39 41
70 92
86 6
32 43
32 12
50 87
90 75
4 13
45 6
58 27
13 34
69 26
32 41
70 1
97 92
73 16
65 2
16 65
25 2
54 51
78 89
13 10
75 14
24 56
47 4
21 63
36 91
52 28
97 75
2 38
69 68
8 89
98 8
9 92
19 56
39 99
79 92
79 65
31 30
96 40
100 3
12 84
86 6
39 63
58 18
98 100
13 20
37 56
39 56
70 19
1 71
88 69
3 59
100 22
35 15
63 73
100 23
90 26
16 77
1 80
14 7
73 100
52 74
2 67
18 16
9 64
66 100
87 80
66 8
16 77
98 50
74 99
67 88
91 22
88 2
62 90
81 52
39 57
95 82
54 4
73 2
24 34
74 81
86 40
17 67
96 76
68 10
11 7
33 7
24 10
40 81
23 41
71 19
76 75
60 18
21 51
63 89
34 2
38 52
52 90
39 26
43 17
45 83
44 8
31 43
84 81
99 28
26 5
56 27
57 42
37 64
8 66
64 86
88 63
32 20
89 17
20 83
69 55
62 70
64 22
76 40
23 20
70 89
33 18
61 69
57 7
98 35
13 11
5 60
8 60
34 50
26 37
24 17
51 74
17 41
100 37
64 70
37 56
67 91
99 97
53 39
72 89
5 8
66 13
81 63
76 12
60 52
86 94
88 56
83 22
84 66
30 38
44 50
62 18
60 78
97 21
41 99
62 8
76 89
15 12
8 79
3 64
84 68
53 17
71 45
31 4
67 68
100 92
78 2
31 37
60 35
70 38
95 9
92 64
66 12
18 89
30 68
54 82
44 69
87 13
93 51
63 51
80 20
89 35
8 12
83 61
68 96
69 73
29 63
9 10
39 64
25 54
36 23
11 41
51 92
61 70
26 34
9 79
65 36
66 39
89 8
7 99
86 39
97 64
70 23
41 84
27 1
71 17
41 67
20 65
1 39
53 92
91 74
27 17
33 6
9 73
22 84
97 90
88 48
43 73
90 23
24 13
95 72
24 78
17 100
25 2
7 8
66 28
71 87
52 76
64 30
68 24
22 26
23 10
37 89
29 31
94 66
43 22
38 24
45 59
60 3
28 61
43 30
13 16
10 14
100 84
75 54
2 40
9 13
40 67
61 12
70 71
28 73
32 77
92 13
1 86
35 90
79 61
95 10
35 43
61 86
4 97
29 4
96 69
35 38
32 46
21 64
54 92
22 18
62 44
81 75
92 30
25 95
29 62
79 86
21 66
74 35
82 95
54 63
40 72
92 7
72 34
92 29
93 29
48 36
58 66
82 27
86 39
14 86
42 68
61 96
42 30
83 50
52 59
30 27
28 88
1 94
83 15
90 44
16 5
92 7
57 88
38 47
35 90
62 45
70 84
71 23
67 92
15 46
49 72
22 36
19 33
5 6
61 85
59 55
82 33
72 3
8 83
41 17
36 74
98 78
58 81
42 39
51 71
46 30
52 51
74 91
84 48
10 36
92 40
51 75
75 33
10 60
4 29
80 35
64 48
89 99
56 21
21 72
93 77
86 10
15 47
63 34
82 53
80 3
96 34
1 76
8 78
9 77
87 89
30 15
55 79
96 16
43 73
75 85
1 22
64 4
24 2
78 71
75 90
47 18
59 88
20 2
22 31
22 68
68 3
84 87
98 8
88 64
48 41
95 44
16 34
52 14
69 59
57 75
33 39
70 51
92 57
80 62
2 82
44 85
72 37
45 21
92 46
73 100
57 23
76 8
76 70
16 9
37 81
27 35
75 53
40 98
72 60
3 48
38 62
61 51
44 32
29 84
90 4
5 73
20 79
93 92
47 15
90 70
85 65
76 96
78 26
75 100
42 83
4 20
1 78
35 60
96 97
98 56
36 80
89 30
90 29
72 30
10 72
56 45
75 43
93 13
87 64
10 95
48 19
90 42
86 94
22 5
6 28
93 9
96 5
55 81
81 75
10 20
22 100
27 82
67 90
11 59
16 13
32 71
67 61
7 32
68 45
17 4
4 33
87 16
51 85
12 69
42 32
7 67
93 26
66 25
26 45
32 51
36 4
48 84
57 24
84 28
85 65
99 15
33 3
35 12
32 51
84 51
97 45
23 36
28 5
28 94
88 98
72 60
52 40
24 19
22 64
16 70
93 99
16 88
33 95
55 90
9 77
91 71
84 72
55 2
25 93
65 47
58 41
24 82
34 98
63 83
39 25
27 72
33 58
81 14
88 96
10 97
62 61
10 87
82 20
42 29
90 6
61 98
31 40
59 42
44 28
21 20
31 32
2 52
11 65
65 14
11 86
97 73
49 3
52 41
80 26
8 97
55 48
29 74
23 77
65 62
69 24
98 62
62 68
60 45
33 79
8 14
68 89
42 2
28 85
97 4
68 36
50 67
86 100
96 7
50 19
30 44
73 53
71 14
88 77
57 71
74 41
63 60
53 62
19 96
10 57
33 8
36 76
58 34
93 85
34 41
13 82
95 67
73 96
39 98
21 56
97 58
79 57
45 71
78 19
20 36
15 82
81 65
99 41
58 18
87 92
19 13
11 18
62 40
68 75
86 20
34 12
45 47
10 26
46 32
13 83
51 65
88 48
39 32
54 36
65 11
92 63
60 98
92 72
57 41
86 12
84 92
2 29
80 93
89 20
6 21
96 11
62 68
23 11
73 84
87 39
96 18
25 96
60 40
13 31
52 8
71 18
58 96
13 39
10 52
63 11
85 16
26 36
83 99
2 92
35 13
44 36
38 93
45 86
19 36
44 91
93 52
80 26
39 74
4 27
99 17
49 96
4 88
79 55
9 40
52 74
47 75
56 42
67 11
80 25
53 33
51 49
66 90
84 90
7 73
22 7
76 39
90 34
46 54
92 67
81 10
70 77
92 70
27 21
54 50
95 43
78 75
50 92
63 96
87 41
51 81
28 85
73 57
67 24
16 57
25 77
23 94
90 16
50 18
78 20
72 32
32 2
99 19
81 64
61 83
89 35
71 61
15 2
1 45
4 88
15 59
60 30
7 96
32 82
76 60
93 33
28 15
28 34
92 12
32 69
63 47
19 2
90 1
37 23
59 87
88 49
45 19
42 75
6 63
6 86
57 95
99 11
28 11
87 76
96 75
5 60
76 93
80 78
21 99
23 34
65 22
91 28
35 68
67 83
36 7
7 78
18 20
28 19
84 56
42 55
99 27
91 19
24 48
37 63
31 82
95 6
38 26
45 35
16 62
80 75
58 16
27 56
9 73
37 47
98 79
12 71
49 44
23 76
59 16
45 74
32 30
35 87
26 12
2 88
24 10
60 68
63 19
86 91
100 92
92 21
60 99
85 81
39 74
46 63
46 33
19 94
77 8
19 98
85 62
59 78
99 19
31 91
63 43
45 36
10 8
35 24
1 17
5 48
92 65
21 6
8 64
46 95
37 70
81 29
36 86
83 10
70 61
9 91
55 36
86 2
100 38
33 45
5 23
9 36
44 70
3 27
37 4
43 45
84 2
63 94
70 43
82 6
23 84
3 80
41 27
47 9
96 56
63 90
57 87
48 77
84 60
44 89
33 1
8 12
78 32
80 24
63 34
97 32
96 29
60 23
27 14
84 57
20 84
52 57
60 4
18 27
58 99
9 44
37 51
20 41
63 66
33 16
75 81
7 75
25 51
56 7
37 15
55 42
55 61
88 49
14 82
76 92
77 4
11 83
95 43
24 62
24 57
75 58
44 24
72 66
51 76
5 94
6 49
62 72
99 14
39 58
77 37
76 74
50 48
41 19
24 47
27 51
66 73
100 53
59 98
58 98
73 77
44 1
43 67
65 25
76 31
4 98
50 44
46 81
83 62
11 25
65 42
48 84
87 96
89 76
56 74
80 42
33 62
4 24
63 41
19 97
11 54
74 96
11 21
76 81
92 25
22 17
66 2
77 13
46 4
63 66
77 6
98 56
22 16
60 30
8 50
62 92
37 75
4 46
96 30
31 98
32 20
100 30
83 96
62 19
4 14
51 67
1 68
4 15
26 44
68 10
20 88
1 60
71 41
39 37
80 29
54 16
79 48
85 8
43 91
82 78
5 36
59 36
53 72
80 8
89 69
38 35
100 16
22 78
40 64
56 72
96 13
49 39
54 50
69 51
10 11
29 78
18 72
16 20
24 89
71 27
56 4
66 89
51 49
100 88
21 90
82 62
98 87
32 33
40 67
24 57
4 56
53 93
20 6
14 54
63 36
37 35
33 100
64 15
71 86
67 38
5 48
60 80
63 13
13 1
75 89
78 27
57 75
100 52
46 87
67 89
62 53
42 59
70 48
77 22
90 99
46 69
40 92
65 8
99 100
34 50
57 80
23 43
70 67
67 31
71 34
8 45
44 54
58 17
77 74
46 11
49 30
63 33
50 77
13 81
95 4
21 5
90 48
3 25
46 64
76 16
87 1
4 51
85 53
69 72
56 76
74 57
11 74
49 43
52 35
77 67
40 44
71 22
94 95
30 31
97 6
62 98
39 78
91 57
2 65
81 100
92 67
53 2
25 18
11 42
15 20
42 98
11 85
89 67
56 15
73 78
45 36
42 62
20 66
37 23
32 22
47 16
100 62
5 54
65 11
69 51
16 20
64 72
58 1
7 36
18 24
52 2
67 71
43 15
67 4
18 41
4 29
24 62
59 74
91 51
25 49
67 53
9 57
69 55
24 42
8 2
39 46
31 84
12 20
76 37
97 36
99 6
24 68
33 68
82 99
70 97
67 56
75 52
64 27
44 12
94 100
48 5
36 70
8 3
24 50
20 89
10 21
74 27
35 90
9 49
64 93
11 57
89 9
7 49
59 15
40 22
30 76
76 70
36 27
65 35
39 37
28 2
51 43
97 30
22 68
60 50
94 64
20 86
78 74
86 66
45 71
62 50
62 5
94 80
42 21
26 49
2 41
98 72
30 83
79 10
63 68
91 92
10 5
55 72
51 65
76 53
22 26
92 70
58 27
36 91
53 81
85 8
36 75
72 60
33 60
84 63
52 65
76 16
22 11
47 24
71 10
74 85
23 5
69 12
48 95
86 28
58 17
24 88
94 22
65 53
52 2
77 69
12 59
29 17
53 83
61 25
50 79
15 95
55 30
73 39
34 80
58 9
95 87
42 33
10 98
82 23
37 57
33 13
96 90
17 44
55 59
63 27
4 82
23 33
38 99
20 75
83 14
26 8
91 62
91 60
66 91
49 46
42 73
88 86
83 51
49 47
61 33
99 34
9 50
34 69
16 42
95 49
83 1
9 73
42 39
24 20
25 66
40 11
50 67
70 64
64 61
88 60
98 96
51 30
90 83
32 54
2 83
57 80
83 74
68 66
12 61
31 29
11 93
50 16
13 90
92 100
70 44
54 26
54 100
83 20
38 97
2 13
47 100
54 96
85 35
45 77
74 87
50 87
25 67
8 51
87 26
80 76
50 40
51 18
25 30
77 11
65 9
19 44
71 3
58 93
71 94
90 49
39 68
64 59
50 69
68 84
73 56
48 78
42 54
95 14
7 73
99 11
55 6
59 41
74 91
70 72
13 39
90 38
39 77
54 36
50 80
100 29
4 61
60 69
3 12
13 29
68 49
81 28
65 5
61 91
41 60
89 48
94 88
43 62
1 93
27 100
46 78
14 86
47 17
42 3
46 82
5 44
78 76
42 39
63 99
23 64
33 31
12 16
13 76
71 81
8 47
22 68
26 64
8 59
56 78
84 19
67 1
56 28
26 24
96 99
9 91
24 99
42 45
71 97
54 66
70 67
39 41
13 98
1 34
41 9
14 29
10 52
59 9
86 90
37 81
24 76
89 2
70 96
39 31
12 67
80 40
67 11
80 12
59 18
81 91
76 49
34 84
37 45
49 47
24 5
86 89
100 59
65 39
36 23
15 87
88 15
90 75
23 49
13 96
32 91
29 16
32 50
90 60
43 12
43 15
9 13
7 34
64 69
56 86
99 80
64 36
63 99
27 100
16 1
12 5
4 87
98 8
69 5
100 11
19 84
40 88
100 75
5 91
99 73
96 95
46 29
15 78
7 21
25 16
83 11
16 69
82 11
28 4
76 52
5 80
67 18
36 47
15 26
42 17
17 49
4 30
48 97
9 29
31 44
19 58
76 10
15 13
19 100
28 57
30 88
52 66
62 86
40 51
100 98
7 41
34 11
10 5
17 21
39 70
74 28
25 53
70 55
13 87
36 22
37 7
15 97
80 53
93 35
63 28
77 91
79 41
98 10
32 46
26 43
43 28
24 9
77 45
2 21
7 90
75 14
72 38
63 43
58 46
42 21
45 71
93 74
66 11
73 22
37 84
46 30
19 27
93 68
49 54
18 85
75 91
27 19
43 59
38 99
67 4
75 56
10 75
76 18
24 70
100 4
93 59
41 38
74 52
1 100
36 37
1 81
95 57
57 49
60 85
17 80
88 11
67 100
27 12
99 71
82 23
78 91
69 12
59 60
61 17
81 37
91 69
71 15
67 80
26 37
10 52
75 10
88 83
95 18
75 95
32 37
50 52
79 11
91 1
81 38
22 96
24 79
92 38
40 58
89 84
63 65
74 100
24 13
47 17
29 73
46 94
9 33
7 83
15 40
1 36
13 10
71 8
38 75
77 72
93 18
47 25
31 91
10 62
33 26
78 75
7 89
49 31
66 30
90 7
87 15
99 13
57 59
75 22
40 80
21 36
41 100
12 64
51 94
92 37
72 16
20 67
20 87
58 9
73 76
44 72
82 34
31 90
17 50
71 32
57 74
84 72
8 78
20 96
77 71
3 65
59 91
13 77
69 74
67 45
48 15
82 71
100 43
55 61
23 86
22 100
65 25
35 15
34 74
71 53
47 12
8 62
29 43
85 75
48 46
11 14
98 76
79 23
82 94
34 77
81 95
71 85
68 14
73 58
86 72
68 79
25 45
79 9
53 39
47 35
39 51
95 94
16 44
94 25
32 78
46 1
69 32
62 24
73 90
56 40
100 8
80 53
56 59
63 16
45 29
97 83
20 13
7 98
2 18
82 81
51 100
49 92
76 99
26 80
65 14
49 25
4 9
40 98
8 87
37 38
7 5
67 75
24 5
26 86
1 64
70 9
90 65
5 80
49 7
6 39
20 87
94 99
95 96
74 20
59 21
59 90
99 18
85 57
3 59
32 43
76 64
66 2
25 35
52 59
81 57
76 68
71 53
54 50
33 88
68 60
85 95
79 51
75 72
17 36
97 6
82 9
37 8
2 64
7 30
10 70
41 80
90 65
89 25
77 35
14 49
57 85
39 99
63 1
98 92
45 12
90 6
86 72
26 86
24 51
16 87
43 19
27 96
76 24
86 74
59 81
87 31
41 3
64 88
30 64
61 25
8 85
43 100
94 41
51 85
86 16
89 64
100 77
73 9
64 52
78 48
46 95
80 50
100 7
36 81
34 39
98 36
27 38
61 83
6 13
27 50
61 79
56 16
47 28
76 65
46 19
13 65
93 28
99 47
56 38
98 82
95 26
83 52
91 26
28 58
29 39
47 21
24 60
59 84
87 60
39 36
33 40
97 62
32 18
85 25
94 47
7 77
95 82
28 37
33 23
37 74
47 6
39 46
74 5
1 46
55 53
94 88
75 73
28 21
21 77
70 56
32 37
95 58
58 40
8 68
3 94
94 68
56 82
9 24
100 12
83 29
66 59
71 37
32 76
63 78
18 62
50 17
65 13
6 83
41 47
43 67
68 89
18 39
56 7
19 47
65 80
96 25
36 15
52 31
81 73
100 3
46 64
54 70
46 61
37 98
31 47
54 32
32 66
17 75
40 46
17 27
37 85
88 74
78 72
68 11
69 82
5 18
21 71
13 65
46 19
26 58
72 25
91 23
40 64
84 96
87 97
13 76
76 31
23 29
18 74
71 44
8 1
54 46
8 88
19 93
53 74
31 23
4 48
96 58
6 100
22 95
69 98
1 91
67 59
78 61
30 37
42 26
50 21
73 59
94 89
4 39
59 46
28 86
56 32
96 59
96 16
7 75
82 81
88 31
37 96
52 6
86 34
88 5
88 30
68 42
43 68
61 45
32 12
71 78
35 53
36 77
30 2
47 68
71 16
90 28
57 85
60 24
33 22
49 97
78 37
87 21
9 45
69 39
86 39
45 79
3 84
58 73
87 38
43 17
96 87
74 78
98 40
18 51
85 47
29 17
91 70
35 74
8 90
81 31
80 9
62 59
92 12
54 18
54 86
54 79
24 11
14 78
69 5
3 23
41 23
25 70
51 88
41 29
74 25
100 36
45 81
55 96
57 32
96 79
17 90
100 76
44 88
92 43
27 37
100 35
7 68
39 36
3 81
8 36
59 79
50 13
59 42
62 37
55 54
33 73
66 15
36 42
62 28
34 87
15 88
58 88
97 3
50 37
29 50
29 97
4 55
2 19
34 22
54 85
9 7
98 64
75 81
74 22
16 8
88 67
89 56
35 19
50 48
48 95
97 24
93 79
13 36
69 23
56 83
9 71
42 76
54 9
59 84
68 34
36 86
88 73
19 69
39 63
11 82
18 14
9 92
72 39
25 26
99 11
66 64
71 93
86 55
13 2
15 80
89 36
12 97
72 9
61 64
7 9
94 61
67 54
72 13
83 59
53 6
72 97
91 8
100 65
21 23
51 42
93 90
69 84
43 29
91 17
97 28
58 51
57 38
7 80
83 71
61 5
36 47
5 64
43 52
65 2
95 76
1 82
7 25
89 44
42 62
50 27
73 81
29 83
27 96
62 15
88 22
50 20
2 5
61 16
2 22
85 37
85 10
50 4
21 1
4 18
3 9
4 82
100 51
50 60
5 51
36 15
21 55
50 33
75 76
17 50
53 85
88 1
82 50
38 58
37 78
6 81
84 5
72 34
78 63
27 22
9 7
74 37
69 73
42 74
23 45
27 41
27 21
91 62
6 63
93 87
85 32
15 61
36 6
93 51
7 20
55 58
37 33
51 12
36 72
43 78
1 21
72 99
88 92
14 13
52 80
28 40
99 15
15 9
88 50
80 18
98 11
12 39
31 88
15 17
95 61
2 38
10 2
64 89
29 87
93 72
73 78
62 13
87 85
54 5
67 42
16 77
61 57
11 99
63 49
45 26
48 27
4 50
22 1
28 45
45 100
31 85
23 90
59 96
66 21
68 65
29 35
51 10
3 40
44 29
89 3
46 61
21 93
90 15
34 44
83 99
21 70
28 67
83 99
80 19
100 63
93 44
18 9
14 92
8 53
41 15
15 35
70 89
21 77
30 42
5 33
13 9
68 21
93 78
39 50
76 68
30 33
53 79
2 85
12 95
68 95
14 23
77 88
53 47
76 42
22 30
7 72
78 73
62 42
84 86
33 29
95 46
31 61
89 68
54 62
97 99
44 78
1 32
17 34
68 2
6 1
65 60
16 7
47 14
63 59
7 12
47 6
89 73
11 30
4 54
73 72
25 85
99 10
100 74
33 90
10 6
40 68
12 74
100 24
99 16
15 42
74 15
89 24
87 78
2 60
74 5
35 59
24 84
13 76
85 2
16 2
100 15
21 9
90 50
80 2
62 64
99 14
15 91
53 76
56 88
24 56
7 50
56 8
35 8
82 62
91 63
98 48
12 25
49 19
99 67
47 41
72 88
86 24
80 36
13 20
4 35
6 25
12 15
9 30
17 5
39 79
99 73
3 68
28 5
84 43
19 78
6 34
10 62
48 31
36 71
84 66
12 11
43 27
4 42
89 1
34 84
62 56
87 8
20 96
27 86
99 16
74 5
3 8
39 74
45 74
75 27
99 25
10 25
63 2
59 46
28 90
27 100
25 98
54 100
48 58
73 96
69 5
45 30
32 27
11 54
2 40
70 80
100 66
64 20
11 22
1 64
14 15
43 37
84 50
80 50
15 41
79 47
26 21
19 28
48 11
18 28
34 86
87 79
89 87
97 36
50 96
59 95
16 38
38 19
9 75
45 93
54 85
36 12
26 73
72 43
71 89
61 11
5 54
40 66
57 78
58 25
84 31
11 95
77 22
96 3
70 82
46 6
64 27
88 94
78 83
29 48
62 31
79 47
52 31
13 91
45 6
41 43
5 31
39 72
73 76
41 68
86 65
30 43
68 73
51 61
33 65
84 18
7 3
24 17
97 93
64 25
87 4
20 23
97 13
75 94
93 6
38 82
70 54
89 42
5 65
62 6
31 94
79 69
29 33
56 7
18 92
51 97
17 46
31 12
89 20
69 62
23 86
26 5
72 52
27 18
36 98
91 95
100 11
85 77
81 87
88 47
71 73
25 97
18 90
60 87
28 64
11 95
53 44
97 78
2 67
13 83
75 53
64 70
41 62
7 63
76 19
7 53
94 39
26 51
74 71
69 58
22 85
56 85
46 2
60 68
47 44
94 26
5 25
37 26
41 94
84 62
83 76
77 95
69 34
63 26
30 82
29 7
96 75
53 89
99 22
77 47
87 82
86 61
82 70
52 36
44 63
20 46
25 6
10 23
43 15
83 75
45 1
80 65
97 83
44 33
18 59
70 55
35 21
85 34
7 68
63 31
78 33
83 55
14 10
15 52
12 16
66 64
11 22
46 20
73 68
59 7
81 93
19 17
58 85
56 73
62 55
73 70
28 13
45 82
3 35
43 46
8 3
20 3
92 68
56 93
40 74
57 63
35 20
30 84
16 99
98 60
57 4
42 44
77 22
55 42
91 97
38 62
76 36
33 19
37 19
41 23
18 6
62 39
1 9
33 76
49 74
7 21
8 22
43 2
29 84
24 99
90 88
64 66
19 37
26 97
77 12
69 2
28 99
47 25
54 19
43 5
6 70
87 31
89 61
3 94
16 3
56 1
16 57
30 76
5 8
2 36
36 22
88 90
93 1
23 28
37 6
20 72
45 55
55 14
26 10
62 99
35 28
36 33
66 10
19 44
59 100
33 23
30 69
55 24
9 100
10 52
25 14
45 64
92 6
2 43
98 24
20 69
77 14
66 37
86 94
63 20
31 33
92 93
60 97
97 58
49 93
28 89
75 48
20 69
23 77
44 89
9 47
38 4
30 77
8 80
2 6
78 58
67 95
18 71
37 23
70 39
84 22
26 100
21 47
51 35
84 43
45 100
83 55
15 81
2 41
21 31
34 47
45 37
38 59
99 47
25 22
35 84
90 9
51 32
30 71
50 91
85 29
6 92
57 48
35 59
94 59
78 23
52 26
86 17
77 48
67 8
44 78
10 98
83 42
3 1
94 13
71 84
81 28
54 81
70 7
30 42
25 30
62 45
16 83
83 10
75 30
31 23
73 70
75 39
66 44
29 11
88 6
65 29
73 16
22 11
28 63
87 78
16 92
47 31
76 89
75 2
81 17
9 62
71 27
55 46
97 39
72 7
84 53
23 15
11 40
42 28
98 80
8 67
15 9
99 62
28 29
92 74
35 42
94 62
85 58
6 70
15 12
98 56
11 50
97 75
25 94
44 23
71 23
61 82
48 94
23 42
14 71
27 48
65 68
22 99
54 41
48 67
64 3
39 11
18 72
66 55
94 72
82 70
64 35
73 90
25 73
86 27
41 1
58 60
25 83
94 89
25 14
86 54
96 50
91 22
11 19
58 21
14 8
60 99
7 41
92 23
33 65
4 97
50 49
76 12
77 59
53 29
21 36
95 85
52 51
11 75
32 87
98 40
82 89
12 94
34 100
30 37
76 79
41 81
87 42
61 50
16 41
11 74
27 3
39 62
54 49
90 1
37 96
32 31
76 57
60 59
4 61
14 1
82 30
6 72
33 81
50 16
92 88
9 32
98 41
8 48
40 5
44 56
95 70
46 99
19 78
61 97
17 18
16 69
1 40
73 48
65 53
64 36
13 99
66 30
40 80
42 92
57 2
87 12
52 37
75 63
61 60
90 19
41 24
65 98
96 7
64 86
45 21
48 92
90 37
14 17
50 74
90 91
33 1
4 82
79 59
46 15
48 19
41 28
63 31
69 2
66 73
17 64
80 14
65 57
99 87
34 45
6 87
58 84
45 30
71 41
35 75
81 100
63 68
9 60
16 89
54 26
56 57
72 68
10 29
80 19
44 90
21 9
1 75
94 48
40 49
34 57
27 89
35 10
25 50
64 65
57 48
58 22
80 78
86 89
47 61
66 73
27 19
96 43
60 17
62 21
90 29
16 43
26 52
65 21
90 17
69 91
41 97
42 4
44 93
28 31
8 3
99 33
10 28
25 62
5 20
89 35
87 70
42 38
49 68
69 82
74 21
79 26
60 86
72 39
83 24
69 79
96 94
15 71
96 39
78 81
50 8
95 51
80 40
10 78
3 78
41 80
50 51
79 31
71 89
6 99
22 89
41 60
80 6
59 29
25 64
66 7
94 37
45 64
20 100
62 20
40 81
85 43
89 70
19 21
93 9
23 45
40 67
57 82
70 79
66 73
86 41
85 13
66 28
10 90
32 44
69 67
96 97
27 96
7 18
42 32
90 74
4 79
13 39
92 62
72 86
80 46
13 48
76 29
20 100
30 17
62 43
16 79
35 58
1 77
88 47
52 8
42 29
31 47
57 84
2 62
5 89
30 1
8 20
62 66
74 1
77 34
32 22
5 24
38 60
94 84
69 82
37 98
66 33
90 5
88 46
35 24
22 71
30 44
79 53
51 84
35 43
47 80
61 14
26 75
44 24
94 72
97 58
26 13
12 38
88 59
91 17
52 91
57 45
74 65
64 96
3 52
88 15
17 91
33 100
26 34
41 49
78 26
88 63
78 81
98 12
94 99
81 37
75 52
32 45
37 15
65 56
83 76
52 84
86 71
73 83
94 19
86 83
5 56
10 53
33 58
72 79
38 100
22 99
34 77
86 9
32 78
21 73
2 86
46 66
26 53
72 88
69 90
37 99
51 12
96 97
68 97
56 28
82 2
66 54
69 24
84 43
62 39
80 67
100 17
25 2
74 64
94 77
38 1
8 44
88 10
45 42
78 40
56 26
81 30
10 42
70 36
12 79
42 45
15 50
61 78
6 10
29 68
99 4
56 38
11 93
21 12
61 52
62 26
19 14
72 42
53 99
55 70
80 55
95 80
40 39
98 72
39 96
95 53
88 4
60 72
60 17
24 8
48 87
7 52
25 14
29 28
59 38
31 64
11 33
82 36
25 13
62 55
55 7
68 56
100 85
100 79
41 69
84 9
3 88
74 12
91 92
70 96
33 18
14 96
69 24
13 18
10 76
69 99
38 56
91 16
67 76
73 35
10 23
29 58
33 96
100 75
6 52
1 99
45 62
15 93
11 72
51 64
20 21
92 29
85 28
77 2
52 54
43 2
2 9
67 6
52 79
34 22
25 94
90 88
88 78
12 28
4 43
45 71
18 72
87 19
19 73
70 57
47 50
92 7
18 66
76 98
63 93
52 77
53 41
59 32
84 65
60 86
66 94
49 75
27 53
77 79
27 99
11 45
16 40
92 41
6 67
24 46
73 32
70 49
91 98
100 40
99 5
40 96
67 58
25 76
95 82
15 16
43 15
79 58
41 46
65 62
96 8
51 48
75 47
69 97
47 27
74 79
55 12
44 47
81 23
42 13
24 26
23 8
86 53
9 14
66 72
87 62
31 75
84 25
60 29
86 72
38 98
4 29
97 37
71 46
7 90
31 65
93 10
96 53
37 68
96 54
32 68
33 100
33 67
39 13
46 45
64 3
73 1
54 63
26 70
21 55
3 42
43 98
79 49
62 54
28 42
53 13
41 30
59 53
68 79
78 75
97 35
9 85
21 38
55 27
69 68
58 70
92 32
1 64
24 10
59 33
78 98
41 13
57 46
44 100
75 96
84 65
64 90
62 68
13 45
39 100
78 74
43 17
24 48
43 11
93 11
35 73
39 55
69 23
52 99
83 64
29 59
2 53
46 14
74 88
72 28
94 30
31 46
12 13
80 51
96 7
58 2
71 93
12 33
30 58
7 10
74 70
54 18
51 88
49 62
18 37
41 69
35 3
93 96
67 63
16 73
67 51
89 80
19 32
66 45
100 85
29 28
7 75
54 24
68 31
75 65
47 55
98 34
66 45
79 91
25 90
88 48
73 100
43 44
42 73
83 7
29 18
11 48
63 49
29 72
63 51
4 17
44 19
75 100
69 73
20 83
59 7
10 72
50 31
56 32
60 43
63 77
37 60
52 9
18 20
68 96
98 13
69 66
12 59
71 31
46 89
49 25
27 17
92 45
23 79
36 58
82 46
87 61
32 68
20 43
96 93
93 34
68 75
21 89
99 65
43 11
75 63
17 16
23 68
30 96
51 81
72 38
34 23
94 14
67 8
55 7
85 55
70 10
54 39
84 29
85 48
70 25
96 7
26 64
30 96
46 15
83 54
50 17
81 12
81 6
78 92
50 22
6 42
46 33
27 62
95 100
36 27
39 43
14 86
29 18
10 57
100 71
53 52
18 44
46 31
26 29
56 10
90 26
45 56
34 87
1 32
27 78
45 79
42 61
64 92
90 65
49 75
34 16
14 59
40 76
47 20
79 98
93 89
45 59
100 75
54 51
54 44
60 97
81 85
48 56
89 32
99 97
99 59
74 42
91 59
22 37
67 2
94 31
58 66
64 62
86 83
68 8
74 25
99 33
69 71
29 60
69 42
76 47
85 4
79 78
23 25
95 32
26 57
65 70
10 24
6 22
83 12
34 82
10 3
14 2
60 43
62 34
4 60
83 93
65 78
18 99
62 32
35 88
25 29
39 30
52 95
95 28
83 23
51 73
64 6
95 5
66 44
5 68
7 64
58 49
1 73
16 53
52 60
30 21
83 47
9 32
91 3
95 18
83 31
55 86
98 63
12 17
87 86
4 48
45 57
47 46
37 82
2 48
54 89
29 72
28 34
29 6
4 9
71 66
6 64
66 24
44 17
73 34
80 98
63 10
78 71
97 37
35 48
59 17
87 7
27 95
4 66
85 78
9 40
41 11
56 23
69 27
52 100
24 36
68 35
36 64
78 86
53 84
29 15
32 75
15 39
40 24
92 56
8 55
29 48
11 57
13 95
31 92
12 25
91 64
39 9
1 72
14 83
89 81
58 51
63 98
35 76
65 51
66 46
71 18
44 97
65 49
62 76
92 1
83 78
17 49
18 92
61 65
100 25
60 100
18 77
10 66
77 99
65 18
8 70
84 49
86 100
1 6
66 94
41 60
33 57
35 31
75 9
8 35
54 40
98 7
30 4
8 76
99 46
72 39
42 79
5 42
52 43
21 60
77 29
12 24
91 33
99 22
12 59
63 95
4 9
59 68
100 24
45 26
4 39
34 69
50 18
97 17
41 44
8 91
15 62
79 22
56 19
71 51
84 66
48 64
28 19
32 58
6 25
66 95
85 77
71 56
58 50
9 84
37 47
26 79
29 40
41 69
20 1
90 61
12 74
45 22
92 41
36 85
99 88
94 72
92 88
88 61
57 87
55 41
77 38
88 81
90 87
55 57
59 57
49 80
18 91
74 9
31 46
95 45
76 32
9 78
59 89
48 70
95 25
45 78
72 83
17 12
18 28
44 66
89 10
94 84
20 2
89 73
78 3
77 23
80 85
99 54
73 34
59 45
9 44
22 6
53 89
97 69
57 22
80 48
79 37
67 10
66 50
48 47
39 74
19 58
31 59
89 39
67 45
94 22
74 69
95 18
35 17
56 38
4 45
75 84
96 28
3 1
66 16
46 38
92 38
24 14
37 39
34 74
63 54
95 63
98 11
22 84
11 45
63 53
38 9
13 5
60 69
90 21
46 78
7 62
52 51
100 15
34 68
26 77
79 75
12 38
33 58
57 34
47 71
72 97
51 26
79 91
24 88
85 14
97 82
100 84
59 10
71 66
11 74
21 62
58 6
93 38
60 10
7 31
42 34
85 78
63 57
16 54
79 23
95 81
91 79
72 87
18 57
34 66
39 57
67 96
93 58
96 43
14 72
61 4
8 91
18 25
51 77
12 11
81 28
4 41
56 77
91 63
56 46
68 63
58 10
57 19
34 43
27 85
95 71
49 27
13 8
5 17
90 34
67 69
62 29
88 90
13 65
73 52
93 8
33 14
29 60
26 8
43 50
17 81
47 31
89 75
26 79
56 30
8 77
62 80
26 61
28 44
81 70
50 98
29 16
86 13
95 15
75 14
27 26
90 50
10 9
16 88
70 27
98 76
41 73
76 61
42 53
63 92
4 20
31 70
17 45
1 82
40 55
78 61
23 99
82 68
41 71
3 70
65 68
59 36
86 2
73 10
13 79
89 100
74 7
47 35
56 91
80 96
60 53
73 85
6 17
2 72
63 59
72 2
12 23
60 52
30 52
98 93
8 98
98 47
28 48
42 97
30 54
14 72
31 12
43 27
31 37
65 73
69 88
9 3
34 83
80 86
41 35
33 50
33 18
35 2
93 13
55 78
32 28
18 92
8 62
49 17
95 39
69 83
41 61
10 32
83 66
43 56
60 95
78 95
43 35
89 53
31 38
40 96
4 50
60 37
9 22
33 11
41 10
33 35
73 44
99 90
25 22
77 54
47 50
26 6
6 64
41 61
32 11
68 25
33 68
5 67
69 43
14 62
76 79
7 57
10 66
35 64
90 45
76 70
17 26
8 68
11 66
100 95
95 87
72 82
78 40
24 94
27 71
30 92
50 2
49 15
29 63
91 47
6 90
89 75
28 27
94 100
29 13
71 16
5 85
10 56
46 61
18 25
34 81
49 99
36 69
98 46
43 81
91 27
25 96
33 1
89 37
7 61
50 53
38 45
83 27
84 66
5 3
88 79
63 88
89 90
51 14
28 52
55 69
4 59
72 61
14 73
55 76
79 87
64 72
51 43
80 35
55 39
17 97
32 28
85 73
17 68
54 84
80 17
21 60
98 71
78 66
59 18
30 4
54 25
69 49
15 93
9 64
44 35
69 56
100 78
86 39
64 43
17 71
48 27
67 64
23 52
28 52
14 72
89 46
18 46
31 99
84 7
37 30
68 25
75 89
22 51
3 91
39 43
27 98
92 57
67 87
89 48
77 59
27 16
56 34
90 89
93 75
31 79
13 17
7 11
89 73
66 57
16 21
17 36
65 34
56 72
19 95
81 88
59 52
16 20
29 12
81 85
47 28
93 88
80 70
48 23
31 98
12 11
97 88
93 39
15 24
40 63
86 44
64 22
64 18
40 73
50 20
75 42
44 38
62 86
93 91
80 84
50 95
10 72
41 11
72 78
51 92
24 63
71 42
21 77
56 76
74 81
68 97
17 9
6 70
4 67
78 33
12 84
12 80
85 50
56 40
39 11
65 67
65 19
9 2
73 62
14 43
93 35
69 4
24 94
74 55
17 47
69 48
11 49
48 14
92 68
55 42
39 72
42 86
18 24
86 72
28 71
13 24
35 78
9 49
79 96
85 25
38 81
60 44
18 79
96 94
98 56
88 22
41 58
6 79
54 6
23 31
90 54
18 54
69 87
72 24
73 59
71 92
97 31
86 58
40 3
11 2
19 81
29 31
55 62
98 29
33 89
90 15
99 86
98 14
50 52
55 15
94 80
96 89
84 20
36 17
65 88
93 84
92 4
41 9
92 7
25 80
55 78
65 80
60 68
86 10
94 100
69 68
67 77
97 47
58 37
20 73
1 38
70 56
76 32
61 48
12 62
12 77
29 76
68 27
36 10
29 72
57 100
30 66
87 8
5 34
39 100
48 78
35 88
3 92
71 97
23 25
81 51
85 55
93 67
83 94
80 43
76 49
6 57
98 69
44 27
40 59
19 29
8 50
43 78
37 51
29 31
94 30
22 86
70 8
54 16
58 83
41 88
94 92
69 38
36 6
59 100
39 81
77 29
14 91
66 97
11 26
50 46
16 8
66 90
49 58
54 71
80 74
54 89
35 88
100 76
94 57
52 95
90 31
39 22
35 26
21 93
79 55
27 30
5 84
49 52
28 81
69 58
17 25
18 16
76 94
54 31
15 1
81 83
85 67
84 64
88 79
19 94
24 57
62 36
74 92
4 2
73 53
63 55
17 66
82 56
31 4
67 71
55 58
17 1
30 95
52 72
12 52
76 81
39 76
65 55
74 30
66 58
47 30
57 9
97 4
20 6
94 60
36 40
98 64
61 71
79 18
15 84
3 35
88 21
53 52
59 31
96 85
19 44
31 37
42 21
39 12
86 40
8 85
76 71
61 64
35 47
63 29
42 83
69 31
63 46
7 46
53 36
95 57
47 54
39 9
10 78
57 76
63 24
82 67
67 79
86 21
9 12
54 38
63 82
39 92
22 57
28 53
57 7
92 59
70 98
65 98
90 96
23 74
12 53
54 87
49 88
72 7
22 71
37 59
45 78
80 99
12 61
25 45
93 35
1 58
9 3
56 1
24 11
67 82
83 15
14 88
50 47
12 59
71 91
30 39
9 92
56 67
37 62
28 11
44 40
53 34
31 69
57 25
2 75
71 22
70 91
74 90
55 35
91 72
94 52
47 79
80 3
64 20
30 44
51 65
43 6
48 87
65 49
21 22
95 89
34 84
40 52
68 25
63 44
62 25
1 38
16 81
15 40
22 6
37 43
41 85
32 78
98 50
37 62
9 32
48 64
96 71
89 94
82 38
82 22
32 69
8 33
87 91
29 21
100 9
36 100
34 74
37 63
76 82
85 72
24 67
16 72
42 27
78 21
63 39
97 65
34 53
17 62
62 44
91 20
53 74
67 98
43 85
57 61
25 11
64 19
31 92
18 89
7 40
50 30
7 22
87 74
62 79
14 28
96 33
55 80
50 12
8 21
39 44
13 37
54 36
88 58
9 84
99 71
53 76
54 75
100 56
54 62
62 27
93 80
35 69
53 72
37 94
18 25
51 1
53 41
28 73
49 65
74 84
78 47
67 87
29 44
84 51
21 62
85 31
61 71
14 4
92 76
93 75
100 64
73 23
48 34
52 100
17 18
79 5
28 40
65 71
23 99
75 64
8 80
11 5
61 65
48 56
64 14
2 79
54 58
9 68
77 25
57 28
63 44
66 22
42 33
28 35
82 34
53 30
49 16
92 11
90 57
80 69
82 43
18 40
79 91
67 39
52 74
91 35
74 31
71 54
86 44
68 97
64 81
6 2
82 40
22 95
75 31
68 61
100 40
82 54
62 60
15 64
38 85
97 55
64 76
63 95
45 56
96 55
5 57
54 99
14 57
8 7
48 95
5 3
18 17
21 51
19 21
12 97
38 76
42 35
51 93
8 85
51 35
73 2
21 80
57 14
42 12
15 93
57 63
92 37
31 11
6 73
53 62
87 27
7 46
90 40
82 52
93 64
94 1
100 62
4 20
25 57
45 62
54 1
81 64
82 95
45 21
20 73
17 5
30 19
35 3
68 93
67 52
47 66
97 77
30 3
14 89
8 66
83 21
27 67
84 99
99 78
61 95
41 55
21 77
49 76
39 85
93 35
23 57
67 18
23 11
67 53
15 28
22 59
24 30
36 65
54 74
83 74
77 83
46 89
8 62
59 55
89 44
73 62
79 99
51 39
97 9
67 28
27 43
8 71
76 31
64 69
27 7
43 11
96 88
74 57
98 80
49 67
31 92
17 46
50 15
2 97
69 93
7 69
27 84
69 55
19 31
24 58
31 90
6 78
59 47
13 7
51 36
37 76
56 70
68 72
92 44
45 72
73 10
74 11
6 70
33 81
90 51
18 100
59 77
92 54
68 90
68 17
88 32
29 98
5 49
87 59
69 70
31 13
25 48
24 82
48 38
57 91
20 76
44 88
98 38
17 59
81 91
66 93
27 66
64 21
93 53
84 83
74 33
87 30
75 88
33 55
58 90
8 52
18 91
38 41
4 68
58 30
10 65
10 42
30 62
35 34
92 23
89 25
41 38
84 13
29 60
58 68
30 100
22 13
42 99
50 51
90 95
37 49
63 73
81 14
8 40
26 89
49 51
5 16
19 74
26 70
25 15
78 20
67 75
86 89
10 90
78 83
32 50
44 69
10 92
34 36
73 15
67 81
84 99
59 83
38 7
2 10
93 40
41 4
19 79
77 55
36 31
70 17
83 89
29 63
53 97
79 95
13 60
4 39
91 12
77 39
4 2
38 82
99 13
40 18
71 64
15 91
35 72
54 8
36 84
59 10
31 47
59 75
13 30
64 93
52 79
21 85
17 34
24 88
100 84
73 77
90 7
1 24
76 19
36 16
41 93
19 7
96 39
22 93
67 17
83 9
37 54
21 99
57 35
98 63
29 56
98 85
60 86
42 6
17 12
10 90
33 79
59 12
56 55
5 76
49 69
25 38
98 63
13 44
61 42
88 11
85 37
50 98
74 27
38 62
69 93
87 93
52 2
61 7
64 89
47 64
82 74
15 92
49 37
83 37
92 70
32 49
93 63
54 41
62 57
49 75
32 80
83 1
87 66
32 83
95 92
48 21
15 21
20 39
52 85
29 12
10 95
16 15
75 87
44 25
78 21
80 33
54 52
78 50
77 68
45 49
45 64
32 64
86 1
36 64
58 1
2 15
39 17
11 71
93 24
54 66
42 57
34 4
56 21
89 84
66 87
54 51
7 30
8 67
41 62
100 54
99 31
87 4
20 5
13 61
18 50
24 16
48 75
47 21
73 44
87 100
34 55
97 67
3 65
98 13
19 97
38 69
24 78
98 63
4 6
11 23
35 62
76 24
50 46
91 71
81 88
60 93
14 48
97 60
83 65
40 75
49 96
24 70
32 55
5 66
99 32
99 79
66 86
24 33
99 87
51 10
92 9
21 47
45 83
55 87
63 86
30 62
85 25
78 75
23 5
75 91
82 71
11 28
37 88
79 11
27 60
69 34
63 27
69 19
43 31
29 66
25 61
14 11
45 52
82 38
1 15
77 49
43 75
39 42
47 72
97 42
31 35
23 48
9 58
39 47
60 88
85 99
27 33
2 61
76 83
22 62
22 12
45 61
80 97
85 86
56 88
54 19
53 19
41 18
78 43
90 57
24 79
6 82
36 66
13 56
86 48
45 64
67 9
61 49
84 8
59 95
49 86
27 5
75 65
77 91
26 57
19 61
96 2
5 97
8 68
55 53
24 38
71 91
91 48
12 27
88 29
80 53
49 21
23 72
5 59
65 60
2 48
96 49
51 7
4 66
79 52
77 27
81 1
88 39
62 96
86 74
71 78
32 44
28 37
34 41
41 3
80 58
93 25
52 15
78 57
49 79
58 41
10 74
5 6
9 88
69 13
48 55
88 25
92 72
78 74
8 18
29 12
91 94
3 15
19 86
35 65
67 31
96 83
46 50
56 51
33 42
7 67
85 40
78 21
38 86
68 41
98 13
32 59
68 39
64 38
22 62
60 30
55 51
37 74
89 40
11 34
44 2
32 11
73 87
94 38
60 77
73 17
47 57
49 74
25 30
99 12
96 64
47 41
98 39
91 34
81 87
99 11
16 8
64 35
78 37
86 9
73 78
87 95
84 63
21 89
41 88
92 26
75 27
53 27
81 8
61 43
46 92
4 29
20 18
35 89
85 69
38 95
24 21
38 22
44 37
84 74
92 98
56 42
46 39
8 48
84 55
38 4
94 87
69 28
6 61
73 91
47 66
54 18
39 33
65 37
100 21
95 24
18 38
4 7
44 69
61 69
31 4
79 26
94 99
9 25
84 42
26 63
44 16
21 54
68 29
59 39
32 21
29 3
15 46
61 52
14 88
100 93
26 70
13 100
29 47
38 60
6 72
81 16
70 96
100 69
6 91
10 60
69 30
37 90
49 60
22 64
49 12
1 15
27 51
3 10
70 87
50 15
85 65
49 13
94 71
17 61
28 58
45 82
46 95
69 85
97 93
5 72
11 5
52 46
5 75
38 35
85 66
76 63
77 89
41 64
96 70
33 27
42 13
57 67
78 13
19 32
79 47
76 46
60 89
61 83
59 60
45 89
63 7
83 90
81 38
84 58
79 56
77 84
84 9
11 41
62 52
49 64
49 87
18 48
25 70
49 74
67 19
55 8
28 93
40 62
29 36
66 69
33 15
12 47
39 15
77 9
89 49
27 21
50 36
64 32
29 28
76 45
39 64
29 12
37 56
45 84
19 56
20 22
7 68
95 99
48 54
38 30
59 79
7 68
14 26
37 69
84 19
90 6
14 45
73 33
61 49
17 51
57 41
28 63
19 70
57 93
16 78
95 8
77 62
59 15
89 69
73 40
54 8
56 20
40 92
18 68
68 27
89 76
10 99
72 90
71 41
6 67
40 75
86 55
89 51
54 16
56 58
25 51
75 86
89 11
33 52
53 68
78 94
35 81
82 38
23 54
58 9
55 79
55 86
65 87
61 45
76 94
50 12
71 32
92 13
13 40
82 9
39 25
48 62
13 76
30 7
94 16
29 23
51 48
10 93
7 73
45 60
82 38
87 91
73 94
8 53
36 45
34 15
77 16
41 44
34 84
8 36
51 3
86 6
38 71
7 15
77 76
19 96
75 55
67 83
11 5
92 18
59 12
81 95
70 99
33 67
31 85
98 11
76 3
15 70
20 98
76 9
89 16
93 33
79 80
59 53
3 98
34 73
33 53
84 52
74 20
36 15
19 48
40 12
16 4
16 72
65 11
92 16
5 10
2 56
82 72
30 100
3 48
44 57
66 62
89 66
74 78
51 64
94 96
88 5
35 82
95 86
70 61
79 25
60 1
86 32
89 28
60 40
50 67
37 67
54 57
34 82
33 62
24 11
48 41
16 100
94 54
38 42
38 45
90 79
99 41
82 33
79 54
81 97
20 7
77 73
90 37
98 50
51 58
86 47
9 11
99 72
40 7
20 99
13 25
76 59
60 62
100 80
4 29
18 92
33 25
49 81
25 90
62 88
96 88
26 32
26 19
69 37
41 13
81 86
32 75
89 55
73 41
66 51
28 33
22 24
58 72
15 58
31 29
85 32
40 91
21 26
42 55
67 60
45 41
5 77
10 58
13 29
53 96
99 36
43 54
25 21
50 24
42 12
20 8
71 60
4 40
16 90
93 22
24 67
49 41
33 22
23 39
9 72
85 1
44 23
62 65
35 23
21 85
99 56
29 45
60 34
87 41
6 19
39 57
4 72
96 83
16 56
47 96
28 85
75 56
24 54
52 77
1 23
44 20
95 93
21 68
4 93
62 88
4 29
1 97
71 3
34 90
10 56
58 87
62 58
37 7
43 27
58 66
26 4
45 48
51 71
20 83
92 33
59 72
44 72
74 7
33 50
15 23
91 25
25 3
7 37
35 92
53 57
54 5
86 74
54 61
2 54
42 80
7 86
96 30
96 9
78 34
51 7
48 13
20 14
55 37
35 89
19 38
14 20
78 96
5 13
43 55
56 86
80 74
21 77
80 85
43 83
18 3
32 17
3 32
64 38
60 95
19 14
7 1
59 37
89 69
32 66
86 99
34 68
89 81
58 69
75 48
38 26
52 92
27 88
83 42
53 11
98 69
49 70
19 66
43 91
18 32
93 39
51 55
33 14
55 10
82 94
83 62
98 47
52 89
65 81
5 56
25 44
45 1
96 20
70 1
33 59
83 55
3 86
19 28
32 63
83 97
87 32
28 48
3 99
91 51
14 28
