2 3 4 5 8 9 10 11 
1 3 4 5 6 7 8 10 14 16 
2 7 8 10 11 12 
1 6 8 9 12 13 15 16 18 19 21 23 24 
1 2 3 5 6 7 8 
1 2 3 4 5 6 7 9 10 11 
1 2 3 4 5 7 8 9 10 11 12 13 14 16 17 18 19 20 
1 2 4 5 7 8 
1 3 4 5 6 7 8 10 11 12 
1 3 4 5 7 12 13 14 
1 2 3 4 6 8 9 10 12 13 14 
1 2 3 4 5 7 9 10 12 13 14 15 
1 4 5 6 7 8 9 10 11 12 13 14 15 
1 3 4 5 6 7 8 9 10 
1 2 4 6 7 8 
1 3 4 5 8 9 11 12 13 15 16 17 18 21 
1 3 4 7 10 11 12 13 15 16 17 18 19 20 
3 6 8 9 11 14 15 16 18 19 20 
1 2 3 4 6 7 8 9 10 11 12 14 
1 2 4 6 8 12 14 
1 3 4 5 8 9 10 14 15 17 18 19 20 21 22 23 24 25 
5 9 10 12 13 15 
2 3 5 6 7 8 10 11 12 13 14 15 16 17 18 19 21 23 25 
1 2 3 4 6 8 9 10 11 12 13 14 15 16 17 18 20 21 22 23 
1 3 4 5 6 7 8 10 13 15 18 
3 4 5 6 7 8 9 10 
1 2 3 4 5 6 7 8 9 11 12 13 16 
1 2 3 4 5 6 7 8 10 11 12 13 14 15 16 17 18 19 20 21 22 23 
1 2 4 5 6 7 9 10 11 12 13 14 15 16 17 18 19 20 
2 4 5 6 7 8 9 10 12 14 15 16 17 18 20 
1 2 3 4 5 6 7 8 9 10 11 12 14 
2 3 4 5 6 7 8 9 10 11 12 13 14 15 16 17 18 19 20 
1 2 3 5 6 8 9 11 
1 2 4 5 6 7 9 12 13 14 15 
4 6 8 9 10 11 12 
1 6 10 11 12 
1 2 3 5 6 7 8 9 10 11 12 13 14 15 16 18 19 20 22 23 24 
3 5 7 9 10 11 12 13 14 15 17 18 19 20 
1 3 4 5 8 9 10 11 12 13 15 
1 3 4 5 6 7 8 9 10 11 12 13 14 
1 2 3 4 5 6 7 8 10 
1 2 3 4 6 7 9 10 11 12 13 15 16 17 18 19 20 21 
2 4 6 9 11 13 14 16 17 18 21 
4 5 6 7 9 10 11 12 13 15 17 18 22 
1 2 3 4 5 6 7 8 9 11 12 13 14 15 16 17 18 
1 5 6 7 8 9 12 13 15 16 17 18 19 20 21 22 
1 5 6 7 12 14 15 
1 2 7 13 15 
2 3 4 5 7 8 9 
1 2 3 4 6 8 9 10 11 12 13 14 15 16 18 19 20 21 22 23 25 26 
2 3 5 6 8 9 10 11 13 14 18 19 
1 3 7 8 
1 2 3 4 5 6 8 9 10 11 14 15 16 18 20 21 22 
2 3 4 5 6 7 10 11 13 14 15 17 18 20 23 
3 4 5 7 8 
2 3 4 6 7 8 10 11 12 13 
1 2 3 5 6 7 8 9 10 12 13 14 15 16 17 19 
2 3 7 8 10 12 13 15 
1 2 3 5 7 10 11 12 13 15 18 19 20 21 22 
3 4 5 6 7 8 9 10 11 12 13 16 17 18 19 
2 3 5 8 9 11 14 17 18 
1 2 3 5 6 7 8 9 10 11 13 14 15 16 
3 4 6 
1 2 3 5 6 7 8 9 10 11 13 14 15 16 17 19 
1 2 3 4 5 6 8 9 11 12 13 14 
1 2 3 4 5 6 7 8 9 10 12 13 14 16 17 18 19 20 
1 2 3 5 6 7 9 11 13 14 15 
2 3 5 6 8 9 10 12 14 15 
3 4 5 6 7 9 12 13 15 16 19 
2 3 4 6 7 8 11 12 13 14 15 16 17 
1 2 3 4 5 7 8 9 
1 2 3 4 6 7 8 9 10 11 12 13 15 16 17 18 19 
1 2 3 4 5 6 7 8 9 10 11 14 15 17 
1 3 4 5 7 8 10 11 12 
1 2 3 4 5 6 8 9 11 13 14 
1 2 3 6 8 9 11 12 13 14 
1 2 3 11 12 13 15 
2 3 7 9 10 11 12 
4 6 8 9 10 11 15 18 
2 3 4 6 7 8 9 
1 3 4 5 7 8 11 12 14 15 16 
3 5 6 7 8 10 12 13 14 15 17 
1 3 4 5 6 7 9 10 11 12 13 
1 2 3 5 6 8 9 10 11 12 15 16 
1 3 5 6 11 12 13 
1 2 3 4 5 6 7 8 9 10 11 13 
1 2 3 4 5 6 7 8 9 11 12 13 14 15 
1 2 3 6 8 9 11 12 13 14 15 16 17 18 19 20 21 
1 2 4 5 6 7 8 9 11 12 13 14 16 17 18 19 
1 2 3 4 5 6 7 8 9 10 11 14 15 16 17 
1 2 4 5 6 8 9 10 12 13 15 18 19 20 
1 2 3 4 5 6 7 8 9 10 11 12 13 14 15 16 18 19 20 21 22 
1 3 4 5 6 7 8 9 10 11 12 13 14 15 16 17 
2 4 5 7 8 10 11 12 13 16 17 18 19 20 
1 2 3 4 5 6 7 8 9 10 11 
1 2 3 5 6 7 8 9 10 11 13 14 
1 2 3 4 5 6 7 8 
2 5 7 8 9 10 12 14 15 18 
1 3 4 7 8 9 10 
1 2 4 5 7 9 13 14 16 18 20 21 
2 4 5 6 8 9 11 
1 2 3 4 5 6 7 11 12 13 14 15 16 18 20 
1 4 5 6 9 10 11 12 13 14 15 17 
1 2 4 5 6 7 8 9 10 11 12 13 14 20 22 23 25 26 27 
1 6 12 13 
1 2 3 4 5 6 7 8 9 11 12 13 14 15 
1 2 3 4 6 7 8 9 10 11 12 13 14 
3 5 6 7 
1 2 3 4 5 6 8 9 10 11 12 
1 2 6 7 8 9 11 14 16 18 19 
2 3 4 5 6 8 9 10 
2 3 4 7 8 9 10 13 
1 2 3 4 5 7 8 9 10 11 
2 4 5 6 7 8 9 10 12 13 15 16 
1 3 6 7 10 11 12 15 16 17 18 19 20 
1 2 4 7 9 10 11 13 15 16 18 19 21 22 
1 5 6 7 10 
1 2 4 6 7 8 9 10 11 
1 2 3 4 5 6 8 9 
1 3 4 6 8 11 12 13 14 15 16 17 18 19 20 21 
