120
6 13 8
14 25 4 9 26 22 2 7 18 6 20 21 17
17 23 13 25 14 15 10 26 16 3 9 11 1
15 21 25 22 24 8 2 3 13 9 20 5 4
5 6 9 7 20 13 10 4 22 24 26 16 3
11 6 2 12 4 7 18 5 26 16 13 8 3
8 16 7 15 17 13 5 21 23 3 24 22 14
5 16 10
25 11 12 24 1 32 4 31 19 14 18 27 22 28 5 20
24 16 17 29 20 25 27 13 4 5 2 7 12 10 19 3
15 16 18 19 5 27 11 10 25 32 6 7 21 12 17 30
26 20 11 9 16 21 12 30 6 28 22 24 5 13 3 23
10 17 30 26 11 14 29 27 4 23 15 20 12 3 9 2
6 13 6
14 1 7 17 13 15 6 25 5 2 4 24 20
4 3 6 1 9 18 24 11 20 22 14 26 15
5 25 8 24 16 23 11 10 17 4 22 26 3
21 25 13 10 16 4 9 2 7 11 22 14 18
17 3 12 10 14 11 26 13 8 19 7 5 6
5 26 4 16 11 6 2 1 13 12 21 17 3
13 25 13
44 42 36 25 46 27 38 21 16 28 29 23 40 11 48 50 47 14 26 32 49 4 13 31 19
10 42 39 25 6 4 11 40 50 41 33 8 44 7 19 47 9 35 5 29 49 31 48 23 26
31 11 33 25 23 32 20 28 41 27 22 4 44 7 5 17 48 40 13 30 19 37 45 49 15
20 9 31 29 38 19 34 35 39 26 1 3 46 30 25 33 23 43 21 2 15 14 42 13 27
46 32 45 23 10 31 13 39 21 20 15 30 3 18 27 14 5 1 38 19 50 34 42 9 33
45 33 24 30 19 5 34 38 39 17 14 47 35 16 18 2 9 44 1 3 7 27 28 20 6
39 2 34 4 47 10 37 33 43 17 48 50 42 32 14 35 5 36 41 26 7 3 44 6 13
44 34 13 43 31 6 25 36 41 47 49 29 23 22 9 21 4 50 37 5 10 1 3 48 15
36 39 48 26 41 16 5 3 28 47 9 21 49 42 18 1 29 7 43 38 25 10 37 15 33
43 30 48 17 42 50 13 6 20 33 25 46 36 19 28 34 15 11 40 16 31 26 29 3 39
17 36 48 1 20 49 46 32 50 31 47 8 38 44 24 10 3 4 19 13 42 29 11 21 14
50 33 2 36 20 4 40 18 19 39 23 5 41 21 11 7 35 32 3 9 15 44 31 42 22
9 26 13 43 11 24 23 36 44 28 16 8 35 33 6 39 34 47 50 7 15 3 4 27 40
5 11 7
21 9 19 3 16 18 8 5 15 1 13
6 21 20 8 11 2 19 12 16 7 4
7 11 16 13 3 14 21 22 6 5 9
13 15 10 5 18 8 6 7 3 2 4
8 19 21 16 20 7 6 11 13 2 12
11 13 10
18 14 19 24 12 11 2 13 20 9 3 21 5
12 23 18 9 7 2 4 15 13 14 17 10 16
18 9 3 11 21 5 25 7 12 23 8 1 19
9 25 23 12 14 22 8 24 2 13 17 11 1
3 21 24 17 20 6 1 7 5 26 25 23 18
25 3 26 21 19 1 15 8 22 10 4 5 13
7 21 22 23 16 26 15 17 18 11 12 25 14
26 23 11 24 2 14 20 19 1 10 7 16 3
8 1 16 13 18 15 22 5 21 19 7 3 12
24 7 2 5 19 25 9 21 26 8 10 14 13
19 16 18 4 14 24 15 12 11 21 13 17 26
15 20 18
2 31 10 17 32 29 12 20 39 34 37 15 14 7 27 22 21 9 30 33
35 2 15 29 23 3 36 27 28 4 17 10 16 25 20 40 34 7 18 26
17 11 18 1 24 19 30 15 3 31 22 28 33 34 13 29 38 39 9 14
26 3 6 37 12 5 14 27 32 33 7 24 25 38 10 34 40 13 11 39
40 38 28 15 1 12 19 6 17 30 22 37 21 29 31 18 3 23 33 26
13 28 37 21 15 30 19 5 7 29 18 32 34 31 17 1 6 22 27 4
1 36 15 31 8 24 37 9 35 26 27 7 30 4 19 38 39 22 11 29
32 26 33 16 11 30 10 39 34 14 40 31 3 37 35 38 28 20 9 29
2 30 11 38 14 33 18 23 36 32 25 6 4 15 12 5 17 40 13 35
12 11 6 2 9 16 15 18 14 5 25 4 35 33 23 8 28 29 20 13
29 7 10 28 17 24 18 19 33 12 31 23 16 39 14 9 1 36 6 26
5 14 20 24 40 25 33 30 21 31 4 6 36 37 9 32 11 7 15 27
33 40 34 11 38 28 23 30 35 4 9 3 31 13 19 7 8 37 14 16
32 36 7 2 6 28 39 21 5 17 40 11 20 25 8 18 33 19 26 9
40 16 5 2 11 28 39 10 23 15 26 34 7 4 17 36 20 3 30 32
6 8 6
16 4 8 12 9 14 1 2
6 8 4 3 2 1 16 12
4 14 2 3 6 8 13 12
15 4 2 16 14 12 10 11
7 16 12 4 5 13 2 11
14 5 11 10 15 9 12 7
9 12 10
13 1 19 21 14 17 10 20 8 5 3 6
14 3 18 10 12 17 23 20 15 13 4 2
19 9 17 20 12 8 14 11 3 18 1 10
11 15 8 22 19 12 4 3 16 17 18 24
8 11 21 16 7 19 22 18 2 10 12 24
7 4 12 1 20 5 9 15 13 17 18 24
2 19 7 9 23 20 1 16 8 12 15 22
21 15 13 9 2 14 5 4 6 10 8 11
10 6 14 22 17 7 5 1 18 9 19 21
6 14 8
25 8 23 17 13 20 10 15 19 5 9 14 21 11
11 5 28 25 26 10 20 17 6 1 2 14 19 4
23 17 26 12 20 27 10 6 9 4 1 2 18 28
22 11 27 23 28 21 19 8 15 9 17 26 1 10
26 3 16 10 25 18 12 7 2 11 1 13 19 23
21 14 20 17 3 16 26 6 1 9 23 8 19 7
13 14 11
17 28 4 18 8 10 3 12 20 14 15 16 22 24
10 6 16 13 14 9 7 27 25 24 22 8 20 11
24 13 1 11 4 23 8 17 3 6 16 15 20 10
26 21 6 22 17 23 20 14 15 8 9 27 12 3
20 24 2 14 8 26 15 23 6 27 21 13 7 18
18 19 28 26 9 17 3 23 24 20 6 4 13 2
23 7 4 24 12 15 14 21 16 28 1 19 2 27
16 22 20 26 25 24 23 14 10 19 11 27 3 4
5 20 10 28 11 22 25 4 8 3 19 9 17 14
14 15 5 22 13 2 11 7 21 17 12 6 20 24
22 18 15 11 10 21 2 28 12 23 1 24 27 17
15 21 17 25 18 1 24 3 10 4 6 9 16 19
13 12 8 10 19 6 28 16 11 27 24 18 1 17
7 15 12
8 12 29 28 26 1 18 20 25 7 17 22 24 21 10
15 17 12 27 18 13 4 22 28 25 16 21 1 2 26
29 12 6 17 8 3 21 15 30 26 5 25 4 23 28
8 7 18 16 9 12 29 15 21 4 13 24 1 28 20
14 30 25 11 4 18 3 12 22 8 17 21 23 27 5
19 27 3 18 22 5 10 29 26 30 12 16 4 24 20
21 14 28 6 30 7 8 20 9 23 18 25 10 13 2
8 15 13
25 16 8 28 3 21 27 22 12 1 15 23 9 10 7
8 23 2 12 3 26 10 20 19 28 30 4 7 1 29
30 18 2 26 17 9 25 1 12 29 19 24 21 7 3
22 10 6 7 5 17 25 2 15 13 26 30 24 29 16
17 26 9 3 29 5 19 12 28 11 2 25 8 21 22
28 2 20 12 14 25 18 29 13 30 16 6 21 22 4
8 26 15 6 12 29 19 27 23 5 17 16 3 22 1
16 10 18 30 3 22 19 21 9 24 1 25 29 5 20
8 10 9
7 16 15 5 19 20 11 3 1 13
9 4 10 13 3 15 14 11 5 1
2 15 16 10 4 18 9 19 14 6
14 2 13 3 8 7 15 5 16 11
4 13 19 1 15 11 7 9 10 5
6 13 5 20 2 11 7 4 14 17
18 6 16 8 17 13 5 14 15 10
13 2 6 18 11 3 17 14 12 8
6 8 6
1 12 10 15 5 7 6 2
8 5 1 16 2 6 13 15
3 4 7 12 6 1 15 14
12 10 8 1 3 14 9 2
2 10 7 4 1 12 9 14
14 5 4 8 3 16 11 7
8 21 14
32 11 37 39 20 13 19 36 27 16 26 4 21 5 15 17 8 28 22 1 2
37 35 31 32 1 17 25 34 29 7 30 27 24 22 38 15 23 3 28 36 33
12 22 14 6 24 9 21 23 11 13 39 30 41 31 3 19 28 1 5 2 37
3 26 40 34 16 37 30 41 24 18 1 7 13 36 28 12 38 21 20 31 22
8 15 6 9 41 25 13 12 11 2 36 19 20 16 38 29 1 28 3 22 18
11 32 9 13 33 8 22 24 36 17 41 28 4 3 1 20 21 35 18 7 27
34 2 23 28 18 20 8 21 32 30 3 42 6 1 14 16 26 33 19 37 24
13 6 15 28 11 1 32 38 34 3 36 27 14 26 16 33 41 25 17 24 8
14 20 14
37 16 6 36 13 1 2 15 11 34 27 20 31 14 5 30 3 28 18 32
21 27 38 23 22 31 3 25 9 12 29 37 34 11 14 33 5 36 18 6
35 23 31 1 19 3 29 21 8 9 40 24 5 13 14 11 4 16 20 34
5 7 29 27 15 35 30 17 20 6 32 33 36 13 12 18 9 16 24 25
10 30 29 18 26 19 7 33 14 22 8 25 32 24 5 39 21 40 35 3
36 3 37 28 23 26 13 17 14 22 31 5 24 10 2 35 29 19 40 21
17 29 28 32 3 35 19 27 9 36 24 7 6 16 30 13 22 2 1 5
27 2 39 1 34 29 3 25 4 23 21 16 33 17 5 15 9 26 12 38
15 16 10 31 26 35 18 11 38 17 1 7 14 12 2 5 39 36 23 21
18 29 39 21 5 15 27 33 23 22 3 4 30 19 8 10 7 31 32 12
15 37 6 36 20 26 38 17 13 34 18 11 22 16 29 28 25 24 9 14
40 26 5 21 19 35 32 36 39 1 34 22 11 8 2 28 9 18 6 27
11 14 6 9 32 7 24 20 25 13 27 10 5 1 39 29 4 38 21 36
20 31 4 25 32 29 30 16 26 33 18 37 39 14 8 7 10 11 40 35
13 22 11
22 4 35 28 10 14 23 19 38 3 41 29 37 2 24 40 13 16 34 5 27 25
17 11 2 7 26 32 27 42 31 12 35 1 22 15 37 9 28 43 41 38 29 21
36 23 31 1 6 35 27 41 32 9 17 37 2 40 29 14 26 7 12 43 28 21
4 33 1 39 6 36 37 20 10 31 43 28 40 42 3 24 38 26 5 8 16 25
8 10 34 26 39 43 1 20 40 38 30 16 42 31 21 23 7 13 18 4 9 22
37 28 10 24 16 11 1 4 27 36 32 34 31 40 38 12 7 29 44 2 23 26
31 5 38 26 24 11 22 13 21 18 32 25 23 17 39 37 19 29 40 6 9 16
33 24 6 4 21 5 2 40 17 13 15 43 34 8 11 42 23 37 44 18 10 1
22 6 42 16 11 24 33 25 27 5 38 41 8 29 13 28 19 30 18 23 26 36
39 41 32 8 3 17 40 33 19 27 26 23 15 11 6 25 16 42 29 31 21 38
35 19 31 32 16 42 12 1 43 33 13 28 7 37 36 25 29 40 17 34 9 21
9 16 39 10 30 5 7 35 42 15 17 23 27 4 1 34 2 37 41 12 33 19
42 12 34 5 41 39 22 17 7 23 14 29 2 8 40 11 33 30 43 6 35 15
7 14 12
27 3 25 23 9 2 22 13 21 28 11 15 1 24
6 21 7 22 4 15 16 24 1 10 20 3 12 26
7 10 28 27 1 6 24 4 14 9 26 25 23 8
24 25 22 4 26 5 9 20 28 12 10 27 17 7
8 27 22 3 5 15 20 28 17 16 23 24 26 18
1 10 2 6 14 21 24 16 27 8 4 17 5 26
4 19 24 26 7 1 27 25 6 11 13 21 8 22
7 17 7
21 34 8 19 23 17 3 25 31 28 26 24 10 14 33 4 5
34 31 14 28 7 20 6 13 17 4 11 22 24 18 8 33 30
14 31 22 7 13 5 24 15 10 29 18 33 26 3 6 4 11
3 21 5 25 8 4 1 34 20 22 9 15 12 6 11 13 24
12 20 4 21 9 2 19 26 3 28 17 5 10 33 31 16 22
7 5 23 3 27 33 6 13 32 11 30 16 31 26 2 12 20
10 25 3 34 4 7 19 29 13 11 20 26 27 23 21 33 16
12 25 18
31 26 4 24 40 23 38 44 14 7 33 39 13 1 6 18 9 10 37 46 48 16 34 5 29
21 34 50 20 28 43 41 16 9 3 42 38 2 29 18 35 24 11 19 45 30 5 22 17 44
47 2 23 8 3 7 38 17 37 24 10 13 33 15 9 41 49 29 21 30 43 11 28 31 22
26 3 50 48 33 45 24 2 47 12 31 44 10 14 9 21 4 41 18 39 1 22 20 49 15
23 4 34 32 1 17 19 42 40 8 41 18 21 36 22 5 27 9 35 47 31 10 49 44 37
20 44 22 2 3 4 28 38 47 33 8 19 45 32 41 31 35 1 49 17 39 25 46 12 9
24 11 43 22 33 4 5 29 1 26 16 14 25 49 45 17 42 28 7 38 35 31 40 37 30
40 4 34 2 9 1 38 44 24 26 23 18 32 17 33 28 14 47 22 48 42 45 41 10 31
14 11 48 5 23 19 45 38 7 50 49 8 34 43 1 35 21 29 2 28 9 26 47 15 17
49 16 8 10 31 47 34 17 27 41 40 48 12 30 37 25 33 50 32 14 20 1 38 18 2
16 39 21 35 34 45 22 6 36 4 1 3 38 42 50 8 11 27 43 17 49 46 13 14 28
43 8 2 15 38 1 7 45 3 34 41 36 30 29 39 42 5 37 25 10 21 12 46 35 4
6 17 6
8 25 6 12 20 10 30 24 27 15 18 2 21 9 33 3 14
14 7 25 30 32 9 17 26 33 5 4 15 34 13 6 12 22
7 15 11 29 2 28 9 4 19 33 22 5 10 1 18 6 27
9 11 30 16 33 22 25 10 20 17 13 19 31 3 23 26 28
9 8 25 17 3 1 13 16 5 6 2 34 4 23 18 31 30
27 1 5 13 34 11 10 31 22 33 15 26 32 2 9 23 19
15 25 19
3 34 43 10 41 49 27 2 29 38 8 35 24 1 28 23 6 15 33 18 44 36 19 16 31
17 49 44 10 35 20 42 46 21 1 16 50 48 3 9 4 36 37 24 2 31 12 18 27 15
1 24 30 35 4 3 28 10 16 7 8 31 19 18 12 5 29 36 39 23 40 14 43 9 32
39 17 1 6 13 37 5 8 27 9 11 21 20 4 35 38 41 2 16 34 22 32 49 31 26
24 32 38 31 19 28 8 40 22 17 9 45 1 39 47 27 35 15 48 23 18 5 7 21 2
39 30 15 2 40 38 20 7 23 11 50 32 9 37 34 14 21 45 12 6 43 41 27 24 26
12 48 22 35 24 8 44 46 13 1 40 2 18 42 49 47 15 21 41 26 36 27 23 25 6
43 41 44 19 8 10 46 9 30 49 39 29 36 5 1 6 22 7 31 47 18 2 24 3 28
6 23 7 28 10 2 43 40 13 5 45 49 42 31 9 50 18 15 25 26 38 24 44 30 3
15 4 17 20 8 12 1 27 22 34 36 24 47 50 23 18 21 41 2 45 46 7 44 49 32
20 49 28 41 3 48 23 46 18 45 25 10 38 2 14 32 24 19 8 30 17 22 26 6 34
10 25 39 40 47 17 49 11 1 22 28 43 50 26 3 19 38 33 24 20 4 35 46 48 14
46 23 44 14 32 20 41 12 5 7 26 16 25 37 50 21 42 48 19 34 4 22 17 30 39
40 32 14 23 45 3 25 46 4 34 8 17 2 24 48 43 10 29 11 20 37 33 9 39 50
27 6 15 34 42 16 37 13 32 20 11 29 47 28 12 39 45 31 44 14 36 2 48 22 25
12 25 20
17 39 2 35 21 7 29 26 10 1 14 48 33 32 5 34 37 16 8 36 12 43 42 28 3
24 19 40 45 2 33 17 18 25 32 9 7 26 41 42 28 50 47 39 10 46 1 34 8 37
32 28 5 2 14 38 4 8 6 30 43 21 39 45 26 11 25 13 40 49 47 42 16 31 12
15 36 46 43 6 26 19 39 44 48 8 33 3 31 9 20 25 40 38 4 32 17 49 24 10
47 10 26 3 16 21 13 28 19 18 40 4 22 37 39 8 50 25 46 34 15 14 49 2 30
46 48 32 1 4 30 19 17 11 39 34 18 21 2 27 42 23 13 33 44 29 49 25 47 5
10 14 35 47 4 24 15 16 40 19 42 21 9 38 7 33 1 23 27 39 5 6 22 31 18
38 12 30 26 20 32 25 41 31 18 28 4 40 46 16 2 36 42 33 8 24 37 6 1 39
16 29 35 50 11 23 20 14 2 39 19 18 45 32 12 49 7 3 31 6 24 28 43 5 42
8 28 22 14 24 47 11 13 50 33 27 34 45 49 4 17 48 39 15 38 23 20 40 35 25
7 36 47 30 4 27 40 18 44 5 6 45 28 14 35 20 16 33 10 49 1 2 24 38 29
6 35 47 15 29 1 8 33 39 38 23 5 2 49 16 41 17 20 44 21 45 19 28 9 36
7 18 11
19 33 7 5 20 36 8 35 11 34 2 31 6 18 32 16 28 17
22 21 18 33 9 10 30 27 8 5 20 6 31 13 23 14 19 4
10 19 33 18 27 8 31 22 11 26 13 4 25 5 28 20 12 6
11 25 33 7 3 6 23 35 27 22 12 20 17 24 5 16 1 32
34 26 23 29 5 21 17 20 18 15 13 1 22 3 27 14 30 32
17 1 25 18 8 36 6 10 24 33 20 29 19 21 34 14 28 30
22 28 6 23 36 16 12 7 29 15 3 26 18 27 19 11 1 9
10 10 8
4 11 3 9 19 6 17 1 2 5
12 6 10 7 8 20 9 18 3 16
3 4 12 15 18 1 7 10 11 13
7 15 3 19 1 17 2 6 16 14
1 10 8 14 17 11 13 18 20 4
15 7 6 18 8 14 9 1 20 12
6 1 9 12 15 8 3 2 7 11
15 11 20 6 7 8 2 3 1 10
10 12 14 13 3 7 9 19 5 18
3 9 15 7 17 12 10 14 19 1
10 16 13
16 32 3 9 28 11 23 5 29 19 12 26 4 13 15 21
29 17 7 25 2 27 4 8 18 22 23 10 28 1 19 6
13 10 32 23 16 6 24 31 2 7 11 12 25 3 20 17
14 15 7 10 24 31 12 6 27 18 25 19 26 9 5 2
29 13 25 7 24 22 31 19 1 3 4 20 14 12 15 11
30 13 2 16 26 5 18 11 4 14 21 20 28 3 22 19
5 6 11 24 17 9 7 27 32 25 21 30 2 26 28 3
27 4 9 24 6 32 19 14 30 11 2 3 17 18 10 12
18 26 8 9 23 17 10 21 15 12 14 4 31 25 28 7
29 8 23 11 19 18 7 16 25 22 17 9 2 3 5 32
12 23 22
44 25 4 22 32 35 3 42 17 7 38 30 45 34 6 1 43 8 13 27 31 10 33
8 14 12 24 33 11 4 20 23 1 9 3 46 38 42 5 27 45 43 34 17 13 19
7 8 43 42 18 21 12 25 33 15 28 45 2 19 24 34 35 23 26 46 22 13 9
36 43 9 12 21 14 4 31 11 44 22 41 33 32 6 10 13 24 3 28 5 42 35
19 43 44 31 8 34 1 32 5 13 3 2 15 7 9 42 37 20 10 36 29 25 4
28 29 23 19 11 42 2 13 4 32 24 38 6 17 39 12 26 3 10 1 46 9 37
7 44 22 46 28 20 23 21 33 8 34 37 17 42 19 32 10 13 27 43 38 35 1
27 28 35 1 23 21 46 25 38 43 10 30 24 15 26 8 17 20 42 41 19 33 11
12 17 34 33 38 4 32 35 8 29 31 11 44 46 16 14 27 28 39 5 18 45 41
16 14 1 31 35 3 11 33 25 19 43 5 41 26 45 34 9 42 37 21 12 46 28
35 6 13 31 12 20 41 27 23 26 2 19 30 7 39 14 33 42 3 4 10 9 17
21 8 34 44 15 40 28 19 25 29 33 7 16 24 46 13 6 45 9 22 31 14 32
12 20 18
30 14 10 12 13 7 32 22 17 11 26 38 23 29 18 39 20 34 24 1
24 38 17 39 6 37 26 33 36 23 15 31 5 30 40 29 18 11 19 32
39 33 1 6 4 24 15 5 26 22 17 16 9 3 14 30 38 21 36 11
10 24 13 14 27 19 32 20 7 28 25 26 18 6 22 16 15 30 4 34
9 8 19 12 40 33 37 21 14 13 25 35 1 15 7 29 6 38 24 32
18 16 6 8 14 15 33 13 26 37 9 12 23 29 34 22 31 4 28 11
36 3 38 31 39 18 13 19 8 21 24 16 12 30 26 22 15 40 1 25
40 24 21 31 3 25 39 22 14 11 23 6 33 34 26 20 1 8 9 2
1 35 3 19 32 27 31 18 2 12 9 4 37 29 17 6 28 25 10 7
12 31 15 38 39 9 30 6 7 34 11 36 8 33 32 24 16 5 26 40
37 32 12 19 17 35 34 25 24 30 28 9 10 13 26 11 27 23 1 29
34 6 16 2 21 10 22 15 8 31 1 30 38 7 13 27 9 32 14 4
12 20 15
22 30 31 7 26 11 16 15 14 27 20 1 5 8 39 36 37 24 32 33
13 40 2 38 32 30 23 39 15 27 19 24 8 21 36 7 10 35 22 11
8 40 19 23 33 26 35 28 11 27 21 13 5 3 16 17 2 34 24 7
34 37 32 27 23 25 1 15 20 12 9 30 24 10 33 39 40 36 22 17
29 40 5 20 28 31 25 19 36 8 2 37 15 16 27 38 33 14 3 17
34 27 12 33 9 16 7 11 10 40 37 18 29 6 35 26 8 39 22 31
17 27 2 26 31 8 38 39 34 1 6 37 24 32 21 35 15 19 7 10
33 25 27 35 1 26 28 7 40 20 32 29 6 21 13 5 4 24 31 30
2 8 30 31 5 18 9 35 14 29 11 16 36 34 19 37 27 40 4 13
7 40 33 26 14 27 22 15 36 30 25 21 35 37 8 17 11 19 9 4
27 25 8 16 21 30 5 10 7 17 2 3 18 1 37 40 33 24 35 4
36 28 27 39 22 31 26 8 30 19 18 16 1 14 33 6 17 10 3 38
13 14 13
10 17 15 16 14 7 11 8 27 12 2 1 3 13
13 2 27 16 9 10 8 28 26 22 3 1 24 15
6 17 12 8 4 3 26 28 19 24 7 10 23 13
22 9 20 24 26 21 28 14 17 4 18 8 23 11
25 9 20 13 26 10 21 2 28 27 11 15 18 24
4 15 3 1 14 23 16 13 24 6 26 17 20 9
15 7 5 11 10 8 25 23 13 2 24 14 18 27
8 27 20 5 23 16 26 12 21 10 4 14 7 24
12 5 25 1 2 4 14 11 20 26 18 17 16 7
7 14 17 5 9 13 15 12 19 20 10 21 1 6
28 24 6 19 2 20 22 21 23 9 10 4 12 26
14 7 5 6 10 24 18 23 13 15 16 19 21 17
27 22 3 14 21 13 19 8 10 16 28 7 6 9
14 20 19
18 21 26 39 34 35 4 38 31 30 23 1 5 33 15 25 11 27 8 40
12 6 23 34 38 40 25 24 30 21 17 14 7 3 8 10 4 27 32 28
12 11 13 8 30 33 27 6 35 4 9 1 34 31 2 32 28 14 36 22
12 9 3 23 31 38 19 24 25 32 40 35 1 39 30 34 15 37 22 8
3 27 38 34 20 8 25 33 13 24 16 32 5 18 23 6 30 12 36 22
34 10 4 17 27 2 32 5 29 38 21 9 12 18 8 1 40 25 35 31
22 21 4 9 20 16 13 15 34 27 12 1 26 17 30 6 18 2 8 10
11 5 10 13 40 20 37 7 6 39 18 21 30 14 22 15 24 28 35 27
29 2 6 26 14 8 12 5 9 10 19 39 21 37 18 36 33 15 17 16
16 24 12 14 10 8 13 19 32 25 31 18 27 17 40 9 26 38 22 20
11 9 26 31 10 1 36 2 8 12 33 32 7 20 18 30 24 38 19 22
9 36 23 18 40 11 30 31 16 39 5 15 32 14 26 37 10 28 13 17
30 37 3 20 22 18 24 23 12 39 8 38 4 26 13 25 35 27 33 17
23 39 3 37 12 31 22 29 25 5 8 21 38 4 13 30 33 14 35 20
7 11 8
22 6 20 7 3 21 16 1 14 9 8
19 6 14 4 5 12 3 22 1 11 15
16 15 14 8 9 21 3 22 20 12 18
6 5 4 12 15 1 3 11 14 10 13
9 4 22 1 3 16 2 13 17 7 11
22 19 6 3 10 14 13 8 4 11 16
3 21 16 4 2 8 9 13 22 18 6
11 15 11
29 27 14 26 5 15 1 21 9 22 24 7 20 25 11
25 4 24 8 28 9 26 12 3 7 13 14 21 5 18
17 27 4 28 14 13 5 24 15 26 23 20 9 6 25
22 13 15 18 19 17 5 1 4 12 24 28 9 23 26
11 14 9 28 27 24 1 25 20 8 5 16 26 23 3
7 6 25 15 9 30 12 16 28 5 17 23 1 26 22
7 3 11 22 24 29 20 26 25 28 1 4 17 9 2
22 23 18 28 15 4 7 3 1 24 17 29 6 16 14
23 8 5 22 14 28 16 19 18 2 15 13 29 21 1
4 2 25 20 13 11 26 16 18 1 10 5 14 17 12
19 27 20 4 28 17 10 9 8 26 12 16 5 14 15
8 12 7
10 2 3 19 6 12 4 20 23 16 24 17
6 8 13 24 1 19 3 14 7 17 11 21
18 21 2 8 5 10 12 22 9 7 15 11
10 2 17 24 19 20 12 8 4 11 21 6
20 4 8 21 12 18 17 19 2 9 22 13
22 18 2 8 11 14 19 20 3 5 6 24
9 23 13 17 11 19 15 16 3 24 6 21
8 11 14 17 5 20 10 22 15 21 16 9
7 12 5
21 6 14 15 7 10 4 12 2 20 19 24
20 10 12 15 3 13 18 11 19 7 5 23
18 3 13 10 23 16 14 12 5 24 9 11
1 21 23 17 11 24 19 14 6 18 8 12
21 2 6 20 17 18 14 7 1 15 16 24
7 17 19 24 8 9 14 21 15 10 4 1
17 13 15 7 1 14 10 21 22 12 11 19
11 24 21
40 31 41 9 5 24 45 39 32 36 4 28 27 48 15 47 33 14 21 17 2 44 23 8
37 33 46 7 47 36 42 19 21 43 14 35 5 10 18 25 20 8 6 32 4 30 13 1
24 15 13 32 12 33 44 31 19 10 5 6 27 47 38 2 21 40 48 25 8 9 18 7
40 30 8 23 11 28 16 26 17 27 48 15 21 24 45 41 7 3 46 14 2 47 35 34
11 5 14 20 1 37 43 38 6 24 13 7 46 18 30 29 33 41 4 36 40 31 10 35
43 16 19 38 48 9 46 29 6 47 35 5 21 7 36 26 10 13 31 32 18 4 37 25
11 29 33 22 44 30 4 28 2 10 40 25 9 42 18 46 35 17 21 19 31 37 8 6
4 1 8 10 3 31 48 19 35 46 29 32 36 12 43 42 26 39 24 16 9 28 34 13
9 22 32 37 46 21 33 6 39 45 13 44 4 20 27 14 16 19 29 47 1 23 30 28
25 32 42 17 30 1 38 2 23 7 15 29 3 18 22 19 12 37 5 34 9 35 36 39
34 36 18 3 4 45 42 28 47 19 14 39 38 31 35 7 20 22 30 27 1 9 46 5
12 20 14
4 19 35 17 15 20 8 27 23 13 18 12 9 33 34 21 1 36 16 40
6 38 16 1 39 31 37 35 18 12 40 34 32 21 14 28 15 22 4 5
13 25 24 33 34 1 36 4 27 28 10 40 35 30 7 17 20 18 16 3
5 6 35 24 4 19 27 3 31 26 16 2 12 30 18 7 36 25 38 1
31 25 22 18 21 38 37 33 20 3 11 4 40 8 39 6 12 26 27 19
31 35 36 10 27 15 2 17 32 21 39 16 13 4 37 11 23 40 3 1
24 15 37 26 31 6 11 34 3 16 12 25 29 9 22 27 7 20 39 36
36 29 5 21 7 18 38 15 37 17 27 40 35 16 25 1 22 31 32 11
22 20 7 21 16 33 25 26 31 37 8 10 24 29 14 5 12 34 27 6
31 32 8 9 25 6 20 29 10 26 33 7 18 3 22 28 19 23 39 2
4 34 26 9 3 14 31 18 40 32 33 1 28 13 15 24 37 2 10 20
17 34 1 13 6 9 20 7 35 26 21 36 19 15 39 30 33 14 16 38
9 15 11
8 19 3 12 26 16 10 27 7 22 14 25 11 21 24
2 5 21 22 25 16 1 28 12 19 18 7 24 17 20
27 4 7 12 5 18 25 19 1 16 9 24 26 8 3
23 4 10 21 30 17 2 27 5 9 3 15 14 16 29
4 9 13 12 15 6 17 5 29 3 8 11 24 18 25
20 23 27 28 13 2 15 16 10 22 29 19 14 12 17
3 7 5 16 1 22 21 27 14 30 4 9 25 6 20
7 10 17 14 25 27 22 12 30 26 23 18 2 29 13
26 6 21 15 30 17 23 3 13 7 12 20 16 19 25
13 14 13
27 1 5 24 10 15 21 28 16 9 22 14 2 18
18 20 9 10 27 24 15 4 11 13 16 12 14 8
25 14 20 3 1 13 22 28 6 24 7 11 15 9
13 17 23 26 5 15 7 11 8 16 18 27 22 20
2 24 22 27 21 28 12 16 4 7 17 25 18 20
26 24 22 9 23 2 1 4 27 21 25 16 13 14
5 9 16 2 20 24 22 19 17 18 10 8 15 27
2 22 10 24 1 20 18 13 7 14 28 5 19 11
14 8 28 22 7 12 27 15 24 9 10 20 6 4
3 16 19 11 24 4 21 14 20 17 8 12 9 26
8 20 9 5 24 11 19 27 3 21 17 22 10 15
26 5 18 1 19 2 28 20 11 8 12 27 23 13
8 22 9 28 13 25 5 1 27 4 11 16 19 23
8 10 9
13 6 5 15 10 8 20 19 3 2
20 16 10 14 3 6 4 17 15 1
8 12 5 17 14 18 15 2 9 1
15 16 18 2 17 11 9 10 14 13
9 8 2 6 15 1 12 5 11 20
8 14 13 18 10 5 15 7 2 20
10 14 3 9 8 6 4 13 5 18
17 7 3 8 11 9 18 14 16 19
10 21 18
22 27 32 5 6 36 20 9 42 24 41 2 30 13 11 12 10 34 16 19 31
20 26 21 32 11 40 24 3 27 38 16 13 4 7 23 22 12 42 37 34 9
17 40 19 3 7 34 42 12 32 4 8 28 31 5 38 20 37 6 18 35 1
18 11 24 1 21 36 3 9 41 15 7 40 29 13 27 5 31 26 17 42 39
16 20 19 34 32 29 39 10 41 38 21 25 23 31 11 17 12 18 14 33 28
33 24 16 28 32 21 31 9 35 37 41 38 12 30 5 29 34 22 14 36 4
12 39 36 7 14 9 31 25 26 32 16 34 42 2 11 24 28 38 22 27 3
28 3 4 11 15 42 7 5 13 31 25 24 16 30 38 12 29 34 2 22 41
2 25 15 37 24 13 17 38 14 35 12 18 1 11 40 39 21 31 7 5 10
21 38 3 19 29 34 22 37 4 6 40 16 1 12 24 30 10 7 5 11 33
11 22 11
12 22 18 6 25 17 11 19 33 34 23 14 41 40 24 3 44 30 37 36 27 15
30 18 34 22 31 40 29 15 32 11 33 28 27 4 13 39 26 36 17 16 7 24
28 9 17 31 1 15 34 11 26 25 35 10 3 33 8 30 41 18 6 14 44 23
8 17 12 15 41 5 13 23 39 37 34 22 38 42 19 43 28 40 30 20 3 31
34 1 14 24 30 7 4 21 8 22 28 5 37 16 17 44 29 40 33 13 38 19
18 43 14 31 11 26 8 39 25 7 35 22 34 10 27 19 1 40 9 37 16 21
37 41 42 44 26 9 23 19 12 40 11 5 16 24 8 33 38 36 32 29 25 21
29 33 15 40 13 24 31 4 44 21 1 34 22 18 38 11 10 16 41 6 42 5
14 36 30 8 7 35 5 18 21 4 39 27 25 17 34 28 23 33 19 10 22 15
23 29 21 19 17 43 30 37 8 4 16 39 38 11 12 44 9 1 42 22 2 3
25 12 26 36 4 30 7 3 6 33 17 24 19 1 32 23 44 10 29 41 15 5
12 23 13
40 37 3 33 46 26 36 7 16 17 12 31 45 11 44 21 22 4 32 2 29 39 27
11 6 3 22 17 46 44 4 20 25 13 42 14 39 23 18 41 12 33 26 37 10 5
40 35 25 15 3 30 10 45 9 18 46 38 6 14 13 21 1 5 2 42 19 28 20
12 38 14 42 2 20 26 19 10 27 36 5 21 3 35 1 31 46 41 16 8 32 9
4 25 19 33 7 45 42 36 8 38 37 18 15 3 43 11 31 13 14 23 26 6 10
28 9 3 20 2 30 43 36 18 17 7 31 40 39 25 32 14 13 38 21 19 27 8
22 1 25 6 2 29 14 7 16 21 37 40 11 3 13 20 17 39 27 24 34 36 8
5 29 11 45 7 44 1 4 46 33 35 6 28 34 41 3 40 22 38 16 21 10 36
37 29 2 31 44 38 25 10 36 5 43 12 23 6 4 30 18 27 40 42 39 45 26
23 15 5 29 8 46 20 17 32 34 11 40 6 2 27 42 30 21 25 4 9 36 12
12 44 38 43 45 30 23 3 18 8 13 10 31 25 46 27 29 17 4 20 36 41 33
41 13 14 5 16 29 19 1 31 6 24 44 33 9 26 23 35 39 10 32 17 25 4
6 18 17
36 3 7 33 24 27 15 25 21 13 19 20 29 2 5 9 12 31
31 9 10 8 16 6 19 23 32 4 25 13 34 33 28 14 7 22
3 31 30 27 17 33 14 24 21 20 22 19 25 7 32 26 15 11
15 26 1 33 30 27 25 17 32 20 19 29 10 23 2 16 35 34
28 18 14 20 32 11 1 15 30 22 36 24 7 9 21 35 6 16
33 17 36 6 30 8 7 15 21 5 26 3 11 27 29 34 12 31
9 22 16
7 1 23 20 24 25 26 18 6 21 10 41 36 22 37 5 38 42 4 39 28 16
43 6 32 35 44 42 14 10 11 9 1 13 5 8 7 40 38 31 25 24 39 21
11 16 12 23 33 25 1 39 35 8 14 5 42 2 13 28 10 15 32 22 20 40
22 15 32 38 16 40 42 35 37 21 27 13 20 25 29 31 4 14 18 2 6 23
26 16 23 32 14 40 21 43 39 10 37 38 3 7 6 29 33 44 19 1 42 30
6 40 9 17 2 25 31 5 21 28 1 26 23 35 3 18 22 36 30 43 38 41
11 41 13 38 7 8 3 5 22 4 20 44 34 40 30 17 36 10 43 26 19 39
40 29 11 24 33 14 18 26 10 43 7 16 22 30 44 4 5 1 39 15 31 20
4 5 12 2 9 13 42 21 38 15 6 31 32 3 30 23 24 18 7 11 16 28
5 15 7
15 11 4 2 23 25 7 9 8 17 19 5 14 13 26
29 11 12 14 24 23 4 28 2 26 15 30 5 18 13
23 15 4 10 26 3 18 17 19 7 5 28 14 22 13
5 23 17 6 8 21 30 15 4 28 10 27 18 29 24
14 18 3 17 20 7 1 6 15 21 12 24 13 30 28
5 17 5
24 16 25 6 21 1 15 5 8 30 31 3 32 10 33 18 11
33 3 32 22 18 21 2 13 16 6 12 25 4 9 5 8 11
1 12 2 21 18 27 8 23 15 13 14 9 31 3 32 25 24
11 34 3 31 4 15 32 27 2 1 21 19 23 17 20 13 24
30 16 13 29 20 32 34 6 17 7 23 19 33 4 12 3 26
9 9 7
14 7 4 6 17 5 1 16 9
16 17 5 11 6 10 4 13 14
12 14 7 15 1 10 13 17 2
17 5 1 12 6 11 8 9 18
10 17 18 14 16 2 7 5 11
1 17 14 13 11 4 18 15 8
4 2 14 17 1 15 5 9 6
13 17 16 3 8 15 12 7 2
15 11 12 6 2 16 7 1 5
14 26 22
29 42 13 37 30 6 9 3 43 17 48 22 46 28 52 33 41 11 35 44 39 10 45 2 36 47
25 47 24 12 20 39 43 4 26 51 21 45 37 50 16 13 36 6 34 52 48 11 14 29 41 9
29 25 7 28 21 51 15 49 3 33 1 44 10 17 6 22 2 43 8 11 13 23 34 27 24 19
5 32 27 24 17 35 14 28 46 31 37 36 8 18 3 22 33 38 26 20 49 19 13 21 29 23
28 17 12 49 3 31 36 47 9 26 29 40 37 33 39 11 5 7 15 42 14 19 23 34 45 35
21 37 7 39 29 46 20 16 27 6 9 51 30 22 52 32 31 18 11 47 45 35 17 1 24 5
17 31 21 39 45 2 27 3 7 28 25 26 50 4 36 14 10 1 46 34 49 16 5 13 29 8
25 47 18 2 46 12 3 36 50 42 19 51 29 16 28 23 27 52 45 21 22 6 35 44 39 34
27 17 30 7 35 23 21 50 14 48 25 8 5 33 4 22 19 20 9 28 47 40 12 31 32 18
48 35 38 24 20 46 50 47 41 51 14 32 45 21 31 42 27 23 44 36 28 26 39 10 15 5
49 51 32 38 46 37 3 1 15 24 36 31 12 43 19 18 2 22 40 4 29 10 7 8 14 28
40 46 48 8 7 35 47 39 6 18 13 19 4 33 17 32 26 27 30 22 43 21 10 5 15 28
24 42 26 39 23 22 6 1 43 16 33 18 30 19 38 48 32 10 31 45 49 17 46 20 13 5
36 49 38 25 12 26 30 46 44 6 42 41 2 51 14 35 19 50 16 31 18 48 52 4 33 7
9 19 12
20 16 31 6 29 33 9 28 17 34 27 8 21 38 18 1 2 4 26
1 17 34 21 9 6 8 4 29 2 32 19 7 31 16 24 27 22 36
11 38 17 4 12 8 1 19 22 32 9 6 27 3 26 7 5 29 28
1 35 25 24 23 37 21 34 10 4 12 7 13 36 6 16 3 2 26
28 17 36 3 35 37 14 6 18 29 38 23 34 8 32 19 21 22 25
9 10 21 19 18 35 1 23 22 16 36 33 5 31 17 11 29 38 3
27 5 18 15 34 31 33 23 28 36 16 11 38 37 24 6 7 20 21
23 25 38 8 4 37 1 27 10 19 2 9 31 7 34 26 15 17 12
8 25 2 14 7 4 30 36 23 12 21 6 32 5 18 10 24 9 34
6 10 4
4 8 3 1 17 16 19 12 5 9
9 17 20 6 18 3 7 16 4 14
15 13 7 9 18 11 10 19 17 6
20 8 13 6 4 17 5 12 11 9
13 20 15 19 12 8 11 18 4 10
11 1 6 17 19 7 2 4 20 14
15 22 17
15 12 43 41 31 42 26 38 13 18 33 8 29 20 32 37 7 34 28 36 17 40
38 13 15 11 28 43 5 35 4 29 41 22 21 40 9 8 27 19 18 10 37 30
19 4 22 23 3 8 39 11 28 36 20 41 30 42 44 10 31 33 32 37 5 17
19 32 20 14 9 26 1 18 23 34 28 5 15 27 22 43 12 8 29 24 42 11
18 15 23 42 40 19 41 11 30 44 21 20 38 22 3 25 7 34 26 36 32 27
5 21 31 33 43 7 22 41 34 24 19 2 13 29 44 11 14 17 3 20 32 10
24 9 27 22 7 37 10 14 41 28 21 36 8 23 25 40 16 34 3 43 32 15
10 33 6 21 28 44 40 13 2 34 30 39 37 41 20 42 15 27 7 26 14 18
35 3 18 23 44 11 26 32 2 41 20 25 12 38 13 42 24 33 28 17 7 19
43 1 11 35 22 17 37 7 8 10 2 15 33 31 21 4 18 36 13 5 3 20
17 42 33 21 20 2 35 15 32 36 29 27 10 18 23 5 11 16 24 4 3 1
21 35 4 17 33 12 3 43 10 37 44 15 34 2 25 38 42 41 22 11 6 8
31 17 2 8 5 37 4 36 7 25 23 11 26 35 38 20 13 40 33 18 3 6
4 10 24 12 34 43 7 39 26 25 31 23 16 40 42 36 3 22 15 19 37 38
43 35 29 1 27 24 12 21 15 19 44 22 8 34 36 42 9 16 25 20 23 30
11 23 15
16 23 20 39 10 43 44 34 1 3 26 11 41 45 17 14 21 2 18 22 12 13 15
36 10 9 30 8 2 14 7 5 3 34 19 32 26 27 37 42 6 20 45 17 11 41
9 11 20 29 44 5 25 21 33 1 2 37 7 16 34 35 24 43 14 26 31 19 15
11 43 44 22 41 31 7 37 30 46 35 16 20 1 42 38 18 6 29 27 9 36 34
32 45 44 27 9 34 8 6 14 17 42 5 38 4 40 37 22 1 12 16 19 20 21
40 31 22 41 5 17 37 11 30 7 27 25 26 8 9 34 20 23 3 44 18 33 4
41 8 33 42 7 16 29 11 22 9 40 43 44 3 19 17 30 23 34 5 14 27 18
23 37 20 9 34 22 16 18 12 40 42 3 32 27 11 1 14 29 2 6 7 4 28
8 45 40 17 13 44 1 19 26 34 2 9 15 18 7 38 22 27 16 21 39 43 32
26 37 30 24 33 18 44 25 17 6 27 41 21 36 28 9 23 12 4 11 10 15 22
9 37 20 11 29 27 6 32 34 44 22 24 33 17 30 38 40 26 1 12 2 19 35
5 9 5
2 8 18 14 12 4 3 16 11
1 14 10 15 16 4 9 2 3
5 10 4 18 1 9 16 14 3
8 7 13 11 3 4 15 16 14
6 12 5 15 13 16 18 14 9
6 13 10
10 8 11 18 4 15 19 5 1 23 26 9 21
2 24 3 15 13 4 16 22 9 1 17 10 14
19 18 26 25 1 5 22 23 10 12 21 3 6
21 1 2 24 10 4 14 8 17 7 25 6 11
6 1 25 23 10 2 26 5 24 8 18 21 20
15 19 26 4 8 9 1 6 13 12 25 23 21
10 19 16
26 9 38 32 19 1 37 23 12 4 34 10 5 3 35 33 6 17 22
20 25 32 8 15 28 12 24 29 35 2 5 4 23 17 38 18 14 31
38 4 28 26 11 5 21 9 18 35 10 14 30 13 12 24 29 20 25
35 37 5 3 19 31 28 10 11 32 1 18 8 23 6 24 33 4 12
13 2 24 27 1 19 18 35 25 22 32 31 34 6 28 37 33 16 30
27 8 28 3 37 23 36 5 32 38 1 31 4 34 25 15 12 20 33
27 35 25 5 33 30 7 26 15 19 18 12 1 37 10 38 14 31 6
5 38 20 6 25 37 9 12 10 1 18 17 11 7 33 16 19 36 27
3 15 29 24 7 23 32 34 1 14 26 36 6 17 10 5 27 16 11
9 10 35 1 23 24 5 3 33 7 15 18 29 6 2 19 26 22 13
7 15 8
19 14 16 9 24 20 29 10 22 26 21 2 30 23 4
12 10 20 11 18 24 1 27 9 16 4 7 29 6 25
5 12 30 28 29 22 3 11 7 13 24 19 23 16 8
3 20 8 6 9 23 24 27 2 15 18 16 17 22 25
16 24 21 29 17 28 14 19 13 11 20 30 26 22 5
21 18 14 7 23 26 24 16 8 27 11 20 17 2 25
24 29 11 17 15 9 25 7 6 18 27 26 10 5 12
11 23 15
45 1 23 16 43 6 26 7 31 35 32 12 41 37 5 21 28 24 38 39 14 19 25
1 9 13 35 23 19 26 31 27 43 5 40 12 25 20 15 17 18 39 4 36 24 2
26 43 22 13 30 31 33 35 23 4 36 27 2 34 7 9 28 42 44 6 20 14 17
2 4 43 15 41 27 1 12 13 33 25 6 34 22 26 36 32 10 5 20 19 31 35
24 29 25 8 27 5 44 21 10 22 42 13 28 30 39 1 4 20 36 34 3 35 33
12 3 19 24 10 26 33 5 1 41 21 30 31 20 14 18 13 45 27 11 36 25 34
35 2 8 40 11 6 27 30 12 14 45 34 25 36 17 37 38 21 5 23 42 44 18
37 35 11 17 39 6 22 28 5 46 10 15 25 38 44 2 14 8 13 24 9 36 33
36 23 46 31 28 12 44 4 41 45 21 15 27 43 40 25 14 26 33 29 34 11 37
40 6 7 28 34 3 32 13 10 4 22 31 24 19 20 26 9 39 42 43 30 8 29
13 8 11 36 38 40 15 1 18 6 31 5 19 27 23 37 3 10 22 33 41 35 14
13 19 15
12 13 5 29 33 17 30 37 22 28 1 10 15 7 3 8 34 26 14
17 8 26 11 6 12 20 35 19 3 21 38 32 18 5 16 36 14 24
21 17 23 3 30 32 27 34 37 10 29 12 19 35 7 14 25 9 33
6 3 7 27 17 32 5 36 13 37 33 21 1 26 18 31 30 16 11
7 23 11 27 9 15 26 21 2 18 14 13 3 16 22 36 31 35 12
17 1 29 7 21 34 4 30 31 22 16 20 37 14 3 19 27 13 25
6 18 1 21 14 13 33 15 8 27 19 7 17 16 12 31 9 35 38
3 15 25 4 38 35 37 10 26 32 18 1 28 16 14 21 13 2 7
10 37 36 21 2 12 38 22 9 29 34 26 8 16 7 13 1 15 33
32 22 10 14 8 26 25 18 9 24 11 35 36 33 5 1 34 4 16
14 8 22 13 30 9 15 11 4 17 28 2 38 25 26 6 31 7 20
9 10 8 27 35 12 32 2 21 36 33 7 34 26 24 15 22 14 5
18 33 19 10 22 24 17 21 23 14 38 27 12 13 26 20 29 28 5
8 21 9
32 37 3 13 15 16 8 35 41 21 27 28 5 24 34 9 19 7 30 26 23
40 18 4 2 15 26 30 3 24 25 42 33 10 41 29 16 19 27 12 20 36
38 36 13 37 10 1 32 35 11 28 6 19 40 30 14 4 42 8 21 5 23
2 19 8 33 10 24 9 15 18 41 1 17 40 14 23 36 37 42 35 39 38
20 14 23 18 41 9 12 13 31 15 3 2 37 40 24 22 28 1 26 35 6
26 36 20 16 32 28 34 13 30 6 41 21 24 10 3 11 18 8 12 33 7
3 2 42 24 40 26 19 20 27 33 41 28 31 34 10 7 17 14 22 1 21
38 16 30 26 2 20 40 7 8 19 42 9 37 21 33 17 41 27 36 11 31
7 18 14
11 29 17 10 18 7 34 21 24 23 1 12 27 31 20 6 26 9
34 32 4 25 1 20 6 3 17 14 33 7 19 22 8 29 2 5
5 15 3 6 36 21 33 32 8 1 30 28 18 31 19 12 20 25
14 31 11 16 34 30 3 7 18 36 27 10 1 12 9 29 13 15
32 11 34 16 6 22 13 29 14 30 23 28 21 4 33 15 9 12
32 4 1 18 30 3 10 13 17 28 29 25 6 35 7 21 8 20
3 36 25 9 31 23 33 14 35 27 6 22 2 11 17 8 10 30
5 6 3
8 3 2 9 4 12
4 8 9 12 5 6
11 10 12 8 6 3
12 11 6 3 2 9
3 4 10 6 2 8
14 19 16
5 20 29 9 6 32 24 14 4 17 27 18 21 25 10 36 30 8 35
1 38 27 18 16 15 12 17 34 5 30 9 4 22 14 7 3 13 23
28 37 19 4 14 30 24 32 25 6 3 21 22 34 23 5 38 13 27
24 11 23 10 27 38 34 22 15 6 21 5 9 19 1 14 2 8 18
13 5 37 17 23 22 29 35 12 14 7 8 36 3 33 26 10 15 1
37 6 36 21 35 8 20 10 34 16 12 3 17 7 28 30 4 2 27
32 4 17 26 2 21 13 36 25 23 22 3 24 28 31 27 18 1 11
25 27 29 28 1 20 16 8 32 12 10 33 5 38 3 31 6 22 14
7 37 25 17 4 29 14 36 12 32 9 15 16 8 10 20 2 26 24
22 13 2 14 6 4 37 28 10 15 34 20 11 7 30 12 17 1 21
27 12 11 21 24 19 34 32 13 3 5 30 37 35 31 28 2 20 29
15 5 37 17 20 14 10 33 36 12 29 22 28 30 27 4 2 31 9
25 1 9 21 10 37 5 16 6 38 4 28 34 8 3 15 11 22 19
14 35 20 17 5 28 4 25 7 16 31 27 8 30 33 21 23 1 26
7 14 12
23 22 11 14 27 2 1 28 9 17 16 21 7 25
11 19 21 17 16 23 7 26 6 13 18 20 24 15
12 18 17 25 15 26 2 11 28 7 23 8 1 10
7 28 14 26 15 21 11 22 5 8 6 4 18 24
27 26 24 7 10 13 14 18 8 9 5 16 23 15
2 15 19 10 25 17 12 24 3 20 23 16 4 13
6 25 21 10 3 12 15 13 22 7 1 18 5 20
15 20 18
36 28 18 2 31 22 9 24 29 37 7 23 39 40 26 34 8 4 25 3
4 10 35 5 23 13 15 29 34 36 16 6 14 7 26 22 25 30 28 12
2 34 1 23 10 17 21 35 38 16 25 28 11 19 26 30 8 4 20 31
19 12 34 16 5 2 40 13 36 15 23 38 33 11 21 31 29 20 6 37
36 32 16 21 10 27 25 2 30 4 8 9 24 19 33 5 13 40 20 12
4 28 19 30 27 34 17 12 32 29 5 33 6 39 2 16 35 38 14 26
37 12 40 38 4 3 32 9 25 35 10 21 15 1 24 29 16 13 5 28
21 1 9 31 23 40 11 14 29 12 3 38 2 36 6 7 10 27 39 24
3 8 22 18 10 7 28 23 36 16 33 30 29 1 17 38 5 6 25 15
20 11 37 7 4 19 16 6 30 8 23 18 29 3 25 17 2 24 10 15
32 2 16 29 1 11 30 13 35 31 36 10 39 26 17 24 12 9 15 21
14 22 26 28 29 3 4 24 23 8 12 11 19 1 21 30 7 33 13 9
31 39 25 13 11 29 23 17 9 28 19 34 22 30 14 27 35 6 4 32
16 36 5 25 29 12 2 32 27 35 4 40 15 7 31 37 24 10 1 39
27 34 25 37 39 36 40 16 23 7 21 18 33 29 4 17 1 2 22 10
11 15 11
9 4 25 8 1 22 27 6 15 14 5 17 29 26 20
18 26 15 4 28 30 23 7 10 2 20 12 25 13 17
16 21 19 2 7 30 22 13 20 12 27 25 8 3 4
14 19 20 7 30 11 24 13 4 18 2 9 28 23 27
29 1 15 23 3 6 16 25 12 20 4 13 21 14 24
29 26 19 24 13 15 11 6 5 25 14 8 16 23 30
14 29 20 22 9 26 17 27 28 23 2 1 25 18 6
6 27 4 25 12 20 7 5 15 26 11 9 22 28 18
17 28 2 8 20 5 15 29 27 23 30 9 10 26 14
21 27 28 16 19 8 2 24 25 4 5 23 15 3 20
23 30 22 3 5 11 16 29 20 10 2 18 13 25 24
5 16 10
9 14 6 4 24 7 11 5 21 13 23 1 18 27 17 8
18 1 14 7 3 29 21 8 31 22 9 25 16 6 24 4
26 27 31 22 6 12 20 21 3 17 1 9 2 23 24 14
8 24 6 3 10 16 4 30 25 1 22 29 9 28 14 19
19 5 22 14 7 32 23 13 28 29 27 11 2 3 15 20
11 22 11
34 11 1 43 30 4 12 29 40 16 19 39 20 25 3 23 31 14 21 15 36 27
13 33 11 3 29 2 8 41 43 30 21 18 22 12 24 44 16 40 4 25 32 10
19 5 11 27 9 43 13 38 42 24 29 7 20 23 37 18 40 15 1 10 41 21
9 11 3 43 25 35 27 40 36 33 15 18 42 22 17 16 41 20 32 1 8 19
32 26 19 44 31 29 35 20 40 42 23 34 37 21 27 8 11 28 39 14 5 15
23 6 2 12 4 40 44 21 32 1 27 26 38 14 13 17 31 34 8 33 41 30
24 16 11 27 21 26 18 4 37 12 14 32 10 35 34 5 2 33 44 17 36 15
9 37 38 11 21 5 16 18 6 19 35 27 25 8 1 3 20 30 40 2 28 12
13 4 9 23 8 12 11 34 24 41 31 32 5 21 19 40 17 36 44 14 15 38
18 22 2 19 1 16 9 21 32 26 40 12 29 3 42 17 36 10 37 8 15 23
21 20 40 16 43 8 28 13 24 22 34 37 30 4 36 42 27 17 19 23 33 12
13 18 13
3 20 34 7 18 1 5 29 14 11 4 19 17 8 13 26 24 27
33 18 36 12 27 23 22 13 5 35 26 19 28 4 10 2 24 1
32 34 2 5 21 35 7 10 23 15 12 13 16 30 31 3 17 4
20 34 24 1 9 31 19 23 22 21 36 27 6 8 18 26 32 4
14 3 11 9 18 20 8 28 27 24 22 34 32 33 31 17 19 6
11 8 29 6 32 16 31 12 28 2 7 10 21 4 25 14 33 9
29 25 26 12 8 15 6 1 13 10 2 18 35 23 5 22 24 19
17 9 20 28 31 13 21 7 14 25 33 4 30 5 36 34 32 16
24 35 20 22 7 2 32 25 14 9 26 19 17 33 29 28 31 15
20 31 5 32 22 6 10 12 9 27 29 14 15 4 30 28 25 23
16 35 4 33 19 5 15 13 10 24 14 29 25 34 17 23 32 22
7 11 16 2 10 18 13 15 9 26 21 25 14 34 19 23 20 24
13 19 27 36 21 29 26 28 25 32 22 7 30 24 15 17 18 33
8 9 8
3 8 18 14 5 2 10 15 6
18 10 14 1 3 7 17 8 15
13 9 11 12 17 15 10 6 5
14 18 15 9 4 10 11 7 12
7 15 5 17 14 3 10 12 18
3 15 1 6 8 14 16 11 13
16 2 14 12 8 15 4 1 17
12 3 17 11 4 1 13 14 16
10 19 17
35 7 29 19 14 18 37 32 26 28 25 20 11 3 36 1 22 10 12
32 23 3 37 4 34 33 21 25 2 29 14 13 11 16 10 28 22 19
9 13 34 38 3 19 21 18 15 33 37 23 26 17 2 7 20 36 5
14 30 35 24 23 5 25 17 27 19 26 13 16 21 18 33 1 32 11
33 11 10 20 8 14 21 15 26 3 5 6 30 9 25 27 28 31 12
6 36 15 33 9 20 8 22 24 10 14 16 29 17 4 5 18 37 12
20 10 12 25 23 33 35 1 2 6 34 26 38 21 24 4 28 31 37
3 9 4 2 29 30 25 20 12 10 28 6 32 19 36 15 37 7 18
27 21 20 4 9 37 7 8 17 36 29 6 25 32 19 18 13 14 10
18 23 29 16 26 17 33 21 7 25 10 31 9 2 22 3 20 38 24
7 18 14
22 31 30 27 9 15 32 21 1 17 14 20 13 25 36 11 12 6
19 26 1 32 30 29 27 33 3 2 12 8 24 5 13 14 34 23
34 5 32 17 25 30 35 31 28 33 22 27 14 6 19 15 4 9
8 2 28 9 33 31 27 14 24 1 5 32 16 34 12 23 11 20
1 20 30 31 28 35 32 5 33 27 2 8 21 22 26 25 34 17
34 8 36 9 13 6 17 10 29 4 22 28 18 14 11 19 12 25
4 6 33 1 19 16 12 17 2 5 32 22 23 20 14 7 26 15
11 12 9
19 2 15 5 7 13 8 22 17 12 6 18
2 11 12 6 1 19 20 10 7 13 18 24
24 10 7 20 4 16 14 1 17 11 9 23
7 17 22 24 21 6 11 8 3 23 16 12
4 22 6 24 16 19 10 15 9 1 17 20
17 16 21 15 8 9 6 7 12 5 13 20
7 5 2 15 6 11 13 18 10 20 12 9
4 21 8 7 18 19 20 12 16 15 24 5
11 20 5 18 10 1 16 6 19 17 3 21
16 17 21 18 2 1 14 20 11 10 19 6
7 4 14 23 5 2 19 9 8 20 1 6
5 16 11
28 2 9 6 16 13 15 26 25 8 29 4 27 14 3 17
13 18 27 26 28 9 2 29 1 19 30 8 23 14 15 11
13 31 2 14 23 11 19 9 32 1 24 5 6 27 10 12
9 21 32 20 23 22 4 7 15 28 8 3 18 29 10 6
7 17 6 30 25 32 22 16 8 21 19 14 11 29 10 13
12 14 10
1 24 25 19 13 15 6 12 22 5 11 27 8 4
9 11 19 21 8 10 3 28 2 25 23 6 17 15
2 28 26 7 24 9 1 3 4 21 27 25 17 15
6 12 1 2 24 15 20 8 17 23 11 16 7 26
27 9 4 8 19 18 15 17 2 21 6 25 20 24
11 5 23 6 19 28 12 20 3 22 25 9 15 18
7 5 17 2 4 10 3 18 25 1 11 23 28 12
9 8 14 25 7 10 19 11 21 17 18 5 27 24
13 26 14 1 22 6 16 5 24 23 15 8 4 21
20 25 23 3 6 24 9 26 27 14 13 11 8 16
21 20 2 14 27 15 3 17 7 24 26 12 13 8
6 26 14 18 16 11 8 13 3 1 7 10 22 20
9 15 7
6 27 15 5 19 21 3 2 22 4 1 30 26 14 29
11 30 5 25 18 2 10 16 8 28 26 9 15 24 12
18 11 30 16 6 3 5 17 4 1 19 27 13 10 22
4 29 17 24 7 26 28 21 23 12 2 5 30 11 19
30 18 15 2 4 17 3 28 6 10 13 16 27 26 29
7 12 28 1 27 10 18 16 13 20 30 15 23 19 2
29 1 21 12 14 10 18 13 8 15 7 3 20 16 28
26 24 13 12 7 21 2 17 19 27 28 3 16 8 23
26 29 1 16 27 17 8 30 19 22 21 24 25 5 7
7 13 7
1 6 23 21 19 14 22 17 12 18 7 2 4
5 16 25 7 12 21 18 4 23 9 1 22 6
15 25 19 4 2 13 7 5 26 14 16 6 12
20 15 13 21 3 7 1 6 10 5 2 22 19
23 26 8 16 21 17 2 9 24 20 10 13 5
9 3 6 13 16 19 20 22 11 24 21 10 2
17 5 15 4 7 16 11 23 10 24 25 1 12
6 18 8
29 25 23 2 22 31 9 15 30 32 10 16 1 11 34 20 14 6
14 27 6 29 13 7 1 34 16 5 36 31 26 3 12 8 15 17
32 12 22 3 26 33 14 28 4 21 8 10 19 18 23 25 5 7
20 11 27 15 4 10 22 5 8 34 26 18 14 28 21 25 19 13
14 34 2 32 33 28 11 8 30 10 27 25 18 9 31 29 4 36
32 19 14 34 26 15 9 4 25 10 17 13 12 3 16 28 5 30
5 13 7
1 17 18 9 6 19 25 23 13 12 14 15 5
18 6 15 22 2 11 9 19 4 14 17 16 1
5 24 12 10 17 1 11 22 25 23 3 21 19
19 3 24 9 1 23 11 16 15 8 6 10 22
16 26 19 3 15 20 9 23 21 1 17 2 6
6 17 11
33 10 22 24 28 12 30 21 18 1 5 34 11 26 7 25 2
7 17 20 10 19 5 12 33 21 25 14 15 23 30 32 8 3
29 22 20 16 32 26 9 12 14 8 2 21 19 15 1 34 13
24 17 25 26 21 19 6 14 9 22 32 34 30 31 7 13 3
32 16 24 4 15 11 23 28 3 2 20 19 5 14 22 6 21
32 23 30 34 4 18 28 17 31 8 13 10 2 20 5 15 6
12 17 11
14 8 5 1 16 29 19 13 12 27 22 31 26 2 30 15 32
15 29 34 12 25 32 22 7 26 2 8 13 17 31 28 23 11
12 19 22 20 14 32 29 30 2 34 21 9 31 24 4 25 3
9 24 28 11 30 20 33 29 6 32 2 18 23 25 34 14 3
14 3 31 12 20 5 7 21 32 34 22 28 33 18 16 11 2
27 20 9 11 10 12 18 3 23 33 21 28 6 29 14 16 24
5 4 19 10 9 15 32 34 22 20 21 27 11 3 30 17 25
24 28 12 26 3 9 10 20 15 23 1 27 21 4 16 11 32
1 26 32 14 28 17 9 11 23 15 5 12 27 20 19 30 3
24 20 21 4 25 8 18 27 6 10 9 33 16 15 34 7 28
27 19 5 29 9 12 34 4 2 28 23 30 25 8 33 18 11
5 12 17 25 28 8 20 11 3 19 16 24 30 32 7 26 34
8 13 11
21 14 1 8 7 13 23 16 15 18 4 12 22
8 6 9 20 24 11 14 3 25 1 2 19 4
26 9 5 23 16 24 15 1 25 21 4 11 19
9 3 23 17 11 20 22 12 19 8 21 18 4
10 6 19 26 25 4 13 16 12 5 24 21 3
4 2 26 10 22 12 20 15 24 7 3 18 11
24 4 1 26 20 14 18 19 3 12 17 15 7
13 9 15 12 10 26 7 20 1 17 21 11 19
14 17 12
2 21 30 10 9 33 11 6 32 4 19 8 20 23 16 26 3
29 32 3 12 15 31 2 20 18 21 25 13 6 8 30 16 19
33 18 20 16 5 7 17 14 28 30 22 15 13 23 8 26 10
3 33 4 2 9 5 26 23 10 19 25 34 29 31 24 18 32
16 8 15 19 13 2 23 4 17 1 12 28 3 10 27 14 5
21 10 31 8 5 22 1 7 30 12 29 32 15 17 2 4 20
14 15 3 9 30 26 2 12 18 8 22 17 11 23 27 32 25
29 16 21 1 11 18 14 19 15 22 31 9 6 23 25 17 7
32 7 10 13 16 21 9 27 28 20 34 22 15 31 30 23 2
22 17 21 7 32 20 4 8 18 14 9 27 31 11 28 26 10
4 12 9 7 19 34 21 15 29 17 24 18 23 20 32 27 14
22 18 17 11 27 23 7 25 5 33 10 34 8 9 32 3 20
4 8 3 13 22 27 10 28 32 24 6 15 19 23 14 17 5
6 3 24 27 8 22 23 11 18 20 10 14 5 19 9 16 12
6 13 7
22 14 26 12 2 4 8 3 13 7 19 20 17
3 21 16 1 7 23 4 13 5 6 26 18 11
25 20 17 8 19 12 21 24 5 1 13 18 26
24 9 16 17 19 12 10 15 20 18 8 2 14
21 13 16 17 5 2 1 22 14 12 24 9 3
10 24 25 17 26 13 23 16 22 8 12 4 14
11 13 12
24 7 20 21 22 13 26 8 15 2 25 3 14
9 22 21 1 16 15 23 14 24 19 20 2 3
13 20 1 14 3 21 24 2 19 17 10 9 7
5 18 22 19 3 11 25 17 4 20 14 8 16
12 10 26 16 24 20 11 23 3 17 18 15 13
25 10 4 17 9 1 12 19 13 3 23 14 21
23 10 14 12 2 4 25 16 24 18 20 15 1
12 18 13 25 6 9 26 7 19 1 14 2 15
10 21 16 26 17 22 12 3 14 18 13 9 1
16 18 13 22 11 26 20 6 17 1 21 2 24
20 10 18 1 14 23 7 5 11 4 3 22 8
14 15 14
12 21 15 3 1 5 27 30 14 2 23 10 28 16 13
7 15 12 17 8 6 3 26 19 9 1 23 11 14 28
16 19 26 25 24 23 21 7 27 8 13 17 29 5 15
17 16 24 21 9 30 15 28 19 3 2 5 6 25 1
7 19 25 4 21 28 16 8 20 11 22 17 14 27 24
29 17 27 2 19 13 25 20 14 12 7 1 22 18 10
11 10 25 30 29 22 4 28 19 13 16 21 15 12 23
21 2 25 28 30 14 22 24 20 11 12 5 1 16 9
5 9 15 7 2 16 25 24 21 17 4 26 29 19 28
9 14 11 13 23 16 25 22 3 5 8 6 28 27 4
12 20 4 15 13 9 1 23 14 7 17 25 19 26 21
4 13 29 10 23 26 21 20 19 9 16 18 14 1 6
1 26 23 25 2 27 7 5 6 12 11 28 8 14 22
9 26 5 25 17 11 28 27 30 29 4 10 21 16 14
13 21 17
9 5 42 16 21 13 10 29 7 11 41 33 25 23 24 8 3 28 30 22 4
11 31 24 6 8 3 18 38 35 16 34 41 37 39 12 20 22 25 21 4 7
21 28 14 13 2 37 24 42 32 20 27 40 25 11 19 5 4 23 1 38 34
12 37 10 26 3 6 15 7 38 18 22 27 33 19 5 16 36 4 21 41 20
21 35 5 8 16 38 32 34 37 30 33 41 22 20 14 12 36 17 10 9 25
35 6 34 16 27 33 36 39 11 3 41 14 42 10 24 20 4 40 5 21 31
40 42 5 11 30 25 8 2 7 23 28 19 3 22 20 14 21 35 36 12 13
37 28 29 21 36 20 11 38 2 1 4 34 33 25 7 23 9 5 15 31 3
26 16 40 24 11 13 34 17 6 18 31 28 1 15 5 35 41 29 22 36 12
1 29 39 40 9 27 22 13 25 26 17 15 28 12 20 7 19 41 5 18 30
15 14 5 22 2 4 38 10 25 33 18 41 28 39 11 12 29 37 21 40 7
24 42 26 35 21 36 40 30 7 20 32 4 18 38 41 39 14 11 10 3 13
1 21 10 34 8 17 25 3 35 37 7 20 22 28 11 26 5 38 27 9 42
12 19 16
1 7 16 10 30 38 27 23 12 4 15 2 36 29 13 5 14 9 3
8 38 30 1 28 18 36 32 29 22 26 27 19 10 23 9 33 37 15
30 5 27 23 1 8 10 11 18 20 26 33 21 24 4 25 2 37 19
3 31 13 26 14 2 15 21 35 16 24 23 27 36 5 7 12 38 25
17 8 25 23 26 15 31 7 37 19 10 33 34 22 14 16 35 24 29
11 38 4 32 26 21 34 22 37 19 14 9 35 23 16 33 36 6 7
36 21 25 29 23 8 31 7 2 34 37 33 27 11 16 38 35 4 10
15 22 12 38 13 19 8 28 2 24 25 31 9 37 6 18 3 7 26
6 32 5 24 29 25 23 18 31 14 37 12 33 30 13 28 35 22 20
17 6 27 37 32 5 10 30 16 28 2 1 29 33 7 12 38 26 15
18 1 6 34 4 17 37 25 15 21 13 2 36 10 31 32 5 20 27
2 10 22 18 9 5 37 31 1 29 16 4 3 14 36 33 11 20 32
10 17 15
13 4 1 24 33 30 26 3 17 5 2 15 10 14 20 34 18
23 9 21 18 26 33 11 2 14 16 29 15 27 6 32 34 17
17 23 31 22 20 34 15 25 4 9 8 19 12 26 14 18 32
31 33 34 1 21 27 7 9 24 6 10 12 18 13 5 4 29
1 16 32 33 4 31 6 28 25 29 27 26 3 2 9 11 23
27 11 18 2 34 13 10 33 20 5 25 7 26 30 19 22 24
28 15 23 17 12 20 18 5 34 27 8 7 10 14 21 9 3
34 25 22 10 28 30 17 20 3 26 32 31 15 12 18 33 4
4 17 25 6 26 31 3 11 29 14 9 8 7 32 12 18 19
25 26 28 33 23 14 8 18 4 32 5 11 9 6 31 30 29
15 20 14
11 23 7 2 38 4 37 12 10 24 32 28 31 17 29 30 6 35 18 34
23 39 29 26 21 9 15 30 18 40 36 13 16 19 10 22 8 4 12 24
22 15 4 2 1 30 16 33 9 18 26 34 39 38 14 29 25 12 6 11
9 8 22 37 20 34 7 12 1 3 4 11 13 29 5 23 21 6 32 25
27 8 14 36 37 17 33 40 7 20 12 2 25 5 11 24 16 19 10 39
14 20 5 29 27 32 11 8 36 16 18 17 2 22 3 31 9 35 40 28
3 27 2 9 21 35 37 30 26 8 39 40 4 13 32 20 11 25 5 1
35 7 28 24 17 33 39 31 36 29 20 26 30 14 1 8 27 15 40 18
4 40 3 17 5 27 23 6 32 29 14 1 30 16 9 37 15 21 11 7
8 18 30 37 22 10 29 33 7 24 9 36 38 35 40 12 20 28 32 19
11 31 21 10 17 2 7 4 12 15 8 20 5 23 13 34 18 14 25 36
33 27 17 40 15 9 5 25 19 29 28 12 31 30 8 20 23 36 3 4
39 8 1 32 35 37 6 18 19 11 21 10 23 26 14 16 13 3 4 31
25 38 19 32 36 33 9 17 37 30 34 12 8 22 10 3 15 39 4 11
37 14 33 30 17 10 34 3 9 7 11 26 13 21 12 27 39 16 8 24
10 22 21
18 26 16 24 40 39 22 36 37 12 42 1 4 32 34 20 13 7 41 10 35 23
3 15 22 33 1 25 29 13 10 7 30 21 20 42 31 27 26 14 43 44 24 38
30 39 29 23 2 37 11 41 21 5 33 9 26 40 34 14 12 7 43 16 25 24
5 24 40 6 36 43 14 32 30 38 33 39 4 23 17 8 12 42 1 44 41 16
24 20 33 21 28 6 38 15 7 3 11 18 8 35 10 2 27 40 17 25 39 9
10 38 40 15 22 29 31 7 41 19 43 25 44 33 14 17 34 21 9 42 3 35
18 40 25 35 5 19 28 1 17 39 12 27 41 37 36 10 13 34 32 4 8 43
1 39 32 41 36 34 40 18 19 7 44 5 24 8 33 21 28 17 42 13 20 12
4 22 36 37 23 38 24 19 31 27 39 43 20 44 30 29 1 32 8 18 6 33
1 4 9 6 33 40 43 16 27 12 38 34 26 35 24 28 13 18 37 3 39 19
11 17 16
3 15 10 27 31 25 23 13 30 1 20 29 17 19 24 26 34
29 2 33 10 20 26 14 15 19 22 6 12 32 13 4 3 7
2 22 26 32 25 19 16 33 27 34 20 24 28 30 8 3 12
6 9 23 30 17 29 16 34 2 8 28 4 31 33 21 5 22
16 21 33 2 7 30 10 12 27 8 6 34 25 19 28 32 1
4 5 27 15 14 1 6 10 2 33 16 9 31 26 17 22 24
12 3 31 32 28 19 33 14 7 27 29 10 22 23 2 34 15
24 9 23 34 29 33 20 25 12 11 22 1 17 8 10 3 30
23 2 4 26 15 5 24 18 6 33 29 32 3 17 16 8 7
17 28 31 33 6 11 1 5 26 18 3 22 21 29 4 24 20
21 4 9 18 14 2 28 13 27 3 17 10 24 25 32 8 12
15 20 14
33 7 30 24 36 9 38 12 3 37 29 22 32 10 4 20 14 11 17 34
9 3 26 4 30 10 36 35 24 39 29 34 18 2 8 28 33 23 25 6
28 16 29 19 13 17 9 18 14 1 38 36 20 32 34 12 27 37 35 2
13 10 5 28 37 1 34 22 12 40 9 21 24 4 33 20 6 25 32 11
13 37 8 39 34 19 31 6 30 24 3 26 7 17 1 40 38 5 11 15
27 13 21 11 6 2 30 14 12 38 35 16 1 19 24 8 20 26 28 29
17 34 31 25 22 5 11 10 13 4 39 1 33 29 15 38 40 12 37 20
22 20 24 35 31 9 17 34 23 2 18 27 26 3 14 7 40 25 38 11
15 36 28 5 8 21 16 27 25 30 9 32 13 1 11 6 40 7 19 31
15 40 27 22 29 21 35 4 14 25 23 32 5 9 1 31 37 24 8 17
18 16 1 39 34 9 22 17 38 13 32 36 40 23 12 14 20 26 29 7
38 34 24 17 32 36 4 16 2 12 15 35 3 29 5 6 7 40 26 8
28 33 16 1 31 8 38 18 7 11 40 2 27 36 6 15 9 35 12 34
36 5 17 40 7 13 1 22 18 16 28 2 3 25 14 34 8 20 15 29
21 11 34 10 29 2 22 5 26 9 13 12 16 1 27 39 14 20 36 6
12 12 11
21 3 16 12 23 24 17 2 6 8 10 4
22 23 21 1 16 2 15 3 11 5 14 13
15 2 17 21 5 3 14 10 22 6 24 8
1 22 4 16 3 21 11 19 7 10 8 15
1 23 14 3 7 13 11 10 8 21 22 2
2 24 6 22 4 17 18 16 19 9 12 10
3 8 5 19 1 20 23 11 22 2 18 10
8 21 7 24 15 6 4 14 12 5 19 17
18 14 7 24 15 2 23 20 16 12 5 8
9 1 4 22 6 11 16 10 20 14 7 2
17 12 11 9 16 8 21 6 14 2 24 15
6 7 3 1 18 22 9 4 10 20 2 17
5 14 12
9 22 11 6 5 16 18 12 23 20 13 4 27 10
26 23 25 4 9 7 12 1 18 8 21 6 17 24
28 25 12 5 23 21 13 27 16 14 19 8 10 1
10 17 19 15 16 3 13 4 12 5 22 2 6 25
24 13 2 3 17 12 26 19 15 11 23 6 16 27
6 9 8
2 9 4 11 10 17 8 7 1
10 15 6 11 14 7 9 2 1
3 10 6 5 2 1 14 13 4
13 6 14 16 11 15 7 4 5
13 11 12 1 15 8 2 16 10
12 8 7 6 18 17 13 15 1
8 18 10
7 30 6 19 4 34 35 14 31 33 18 10 3 27 36 20 22 12
10 21 25 29 26 3 18 27 12 35 19 14 5 20 8 6 1 34
11 8 5 22 36 19 34 25 26 21 31 10 4 17 33 28 15 23
25 31 24 6 27 22 8 30 1 4 14 2 5 15 20 19 12 13
8 24 19 3 20 2 4 34 7 1 18 23 15 16 33 12 32 22
1 28 12 16 2 24 33 20 21 32 11 10 9 34 8 31 26 19
22 8 17 10 32 6 30 5 23 20 24 33 18 15 14 11 1 9
1 14 31 20 8 15 21 10 35 6 7 32 9 27 26 16 4 24
5 13 7
20 10 2 18 17 9 26 3 8 6 4 13 16
25 5 21 22 11 15 19 26 24 1 17 4 18
26 12 11 16 4 23 13 18 25 7 5 2 24
17 21 15 18 9 19 6 7 22 24 1 8 14
20 22 25 23 4 12 9 5 11 1 17 3 15
10 21 12
20 3 16 25 6 19 29 21 17 4 18 10 24 9 8 27 2 28 11 31 26
38 26 12 5 19 1 17 21 34 29 11 16 36 8 14 35 22 2 3 9 7
2 12 38 37 22 1 14 4 20 8 35 11 40 42 19 13 41 30 39 18 31
32 2 16 13 7 23 37 33 31 14 41 11 28 38 3 42 29 6 25 21 18
26 21 19 17 42 15 7 1 22 4 14 38 32 31 12 20 18 41 3 13 40
6 28 12 37 25 20 39 16 15 22 4 38 7 14 13 1 2 30 10 17 5
39 35 26 17 34 3 16 7 4 23 37 12 9 30 25 10 33 22 21 13 38
12 2 7 37 40 20 11 29 36 31 27 3 39 24 10 1 8 9 21 32 22
9 27 11 12 14 34 6 20 39 38 3 28 13 22 16 36 10 26 23 1 30
4 42 11 1 36 28 2 25 37 16 34 8 20 7 35 13 41 17 29 22 5
5 12 7
17 16 19 21 1 18 12 23 13 11 8 15
4 24 17 14 9 1 18 16 23 7 11 5
8 10 3 6 24 1 20 9 22 13 23 16
19 20 9 10 18 21 17 22 11 12 13 8
15 7 21 9 11 17 6 10 3 18 24 1
11 20 15
22 21 33 17 13 8 3 1 28 4 34 29 6 36 39 38 11 26 31 24
13 27 31 2 35 15 39 24 37 22 16 29 7 33 4 6 5 38 19 25
12 3 5 32 40 30 33 11 6 25 36 4 37 21 15 19 26 34 20 9
1 13 34 39 24 40 9 32 11 26 19 8 38 15 17 30 21 33 7 28
34 38 27 28 16 18 12 15 5 29 40 14 10 22 9 35 17 26 24 11
36 7 30 33 38 28 11 15 23 16 32 21 5 27 37 14 29 19 35 39
7 19 6 17 27 34 25 36 12 31 2 37 28 16 9 40 33 8 22 39
1 26 20 32 33 22 10 12 6 36 28 40 27 35 29 11 15 13 38 17
10 38 34 21 27 17 39 33 37 11 3 15 28 14 18 2 4 25 36 19
31 16 21 27 15 7 29 8 18 35 28 24 36 38 17 4 13 20 26 25
14 26 36 25 6 40 15 21 32 27 22 34 20 35 8 37 9 30 17 18
12 19 12
21 1 14 12 5 27 31 22 33 3 30 29 6 23 18 16 36 13 4
37 11 24 29 20 18 17 9 16 6 14 1 28 15 4 22 27 7 31
28 4 24 26 15 3 33 34 9 14 22 16 38 25 8 23 21 37 17
32 31 27 5 37 34 25 21 14 36 15 30 20 2 4 17 9 22 33
34 8 7 25 29 9 19 30 11 36 27 23 31 24 20 22 6 5 15
19 21 18 3 35 36 27 1 7 37 38 30 31 26 8 20 15 17 16
17 16 15 18 22 7 3 29 20 24 9 27 25 4 1 30 36 13 31
32 34 25 37 17 13 29 35 16 2 26 28 10 3 36 31 7 30 15
26 27 36 25 10 20 19 29 16 2 15 9 30 38 35 7 8 4 18
10 9 35 28 25 1 37 5 8 20 4 38 17 11 12 32 23 6 22
20 15 36 26 8 38 31 10 9 14 32 18 13 2 37 12 22 3 23
33 21 20 1 30 4 27 34 28 15 36 18 23 31 37 5 8 9 32
15 27 19
14 50 26 5 11 52 4 18 41 8 28 15 40 25 37 31 22 1 20 32 23 16 21 19 39 46 3
13 26 34 1 27 43 50 52 7 51 21 20 8 30 15 38 41 11 24 36 5 23 54 39 45 29 9
36 34 29 2 32 49 47 46 48 9 53 1 44 20 38 43 13 3 15 12 11 28 4 45 14 23 51
28 9 11 14 27 54 23 51 32 53 16 43 50 15 17 7 37 6 39 36 26 34 47 12 3 49 13
1 24 34 52 3 13 49 46 17 43 23 19 36 30 15 48 47 38 16 39 8 31 11 22 37 5 18
41 16 20 39 36 3 47 45 1 52 21 26 19 49 18 32 50 14 7 2 29 9 23 43 5 38 15
6 52 29 15 36 50 32 43 41 44 10 31 1 54 4 3 23 46 17 21 42 35 2 53 16 5 7
1 43 5 51 22 2 21 41 15 38 31 25 53 40 50 44 4 28 12 26 39 8 42 52 34 35 45
44 10 42 48 21 41 29 53 31 49 13 27 18 37 33 4 26 9 22 43 45 36 25 34 20 50 40
18 6 15 25 54 1 49 2 14 8 32 43 31 38 20 39 35 44 41 28 21 24 51 7 42 53 45
50 3 38 17 54 1 30 31 32 41 14 18 43 16 24 53 46 36 10 6 7 2 42 44 9 37 28
19 11 48 27 4 23 45 17 39 37 42 10 1 34 28 18 15 36 46 21 26 50 5 2 16 35 22
16 27 42 21 2 40 26 41 4 14 8 18 12 48 37 35 6 7 47 54 36 20 38 9 1 22 5
12 27 35 29 46 36 8 10 18 38 14 24 3 43 37 7 13 48 22 26 49 50 31 42 6 51 54
52 26 47 32 6 23 14 8 49 3 7 5 10 46 38 16 50 21 17 41 9 36 29 1 27 48 45
5 14 4
23 4 14 25 6 15 26 17 7 5 18 28 2 19
8 2 19 20 16 27 10 26 1 12 4 17 5 24
16 17 12 22 5 8 25 15 24 19 3 21 26 10
28 23 13 25 26 15 8 18 27 5 1 12 19 20
11 1 26 7 18 21 25 12 6 4 27 8 24 20
15 15 14
21 16 25 22 24 15 19 23 9 2 7 12 26 27 13
14 25 17 30 6 8 21 4 11 9 28 24 15 20 26
24 22 11 13 12 10 8 18 1 4 9 14 21 19 28
29 9 10 27 21 2 8 17 7 19 1 5 6 20 30
6 21 3 24 9 30 14 2 20 12 22 1 15 27 4
1 13 18 22 28 5 30 20 29 19 2 12 6 23 24
1 14 13 15 7 25 27 11 5 10 12 29 9 6 21
11 2 17 13 21 29 23 22 12 5 18 28 8 14 30
25 7 17 10 1 19 16 9 3 5 8 2 12 30 23
3 10 9 25 5 1 26 29 6 23 7 13 12 16 18
14 16 8 24 6 20 18 21 1 4 26 12 17 29 27
7 1 17 16 4 15 11 3 30 13 27 18 10 8 20
13 24 28 10 8 19 2 17 27 22 16 25 20 12 4
15 9 20 29 5 25 27 14 22 13 18 28 23 6 12
1 7 28 25 6 22 29 30 8 14 12 23 2 27 3
10 14 13
25 22 9 14 3 24 16 19 26 13 5 7 8 15
18 27 26 4 14 15 16 2 8 9 17 1 7 23
20 27 5 8 11 1 9 28 19 3 7 15 25 2
3 18 14 20 9 12 8 13 22 16 11 25 4 7
20 16 8 14 10 17 19 22 2 26 12 25 1 27
11 1 25 16 15 23 12 8 13 18 6 17 4 26
2 13 15 6 20 19 23 11 4 26 24 16 12 28
10 3 20 7 4 18 15 17 27 9 13 5 28 22
18 6 16 9 26 13 1 19 25 28 24 3 11 8
8 23 18 26 6 24 10 9 1 21 28 4 14 22
6 7 4
1 4 14 8 11 9 3
8 2 4 7 5 11 13
9 11 1 6 13 12 2
6 10 11 2 8 9 5
5 10 7 3 4 12 2
2 5 8 14 4 13 3
10 12 11
10 16 14 5 13 19 4 7 20 24 1 9
20 13 14 1 11 4 5 15 12 23 24 22
8 10 13 21 6 23 7 17 12 4 1 18
9 6 22 20 4 5 7 16 21 18 19 14
24 11 5 2 4 18 13 6 17 23 10 22
9 23 11 14 20 19 3 8 5 21 7 15
7 10 17 14 4 3 2 23 15 12 24 11
3 19 18 21 14 1 6 17 24 5 22 20
23 24 18 1 22 4 17 8 13 21 15 6
2 9 18 22 10 8 11 23 17 7 20 16
11 19 11
29 13 9 7 8 17 21 12 22 14 18 28 27 16 19 31 23 25 15
30 3 35 36 31 4 24 32 37 1 21 8 18 7 19 26 22 14 10
33 12 13 19 10 30 24 34 23 7 29 8 5 36 2 21 11 32 38
27 11 9 8 22 5 32 34 4 16 19 29 24 36 3 20 26 14 33
6 35 31 12 15 13 1 21 14 25 38 30 20 28 3 17 19 16 11
5 35 3 33 20 27 15 37 19 2 24 31 16 9 8 25 22 32 36
10 11 25 12 20 2 21 17 4 29 3 30 33 19 37 13 16 38 27
33 9 25 32 6 26 15 29 20 35 38 13 8 24 2 4 37 31 5
20 6 7 14 10 19 11 36 22 31 4 29 24 5 30 27 35 1 21
34 11 13 26 7 18 32 22 24 30 16 25 15 5 28 29 6 12 27
36 16 12 24 5 22 28 35 31 32 4 18 10 20 3 15 13 27 30
8 10 8
14 13 17 2 19 16 9 3 4 18
10 11 20 19 14 12 2 1 5 8
6 14 11 2 1 10 8 19 4 9
5 7 12 13 19 6 2 17 3 8
7 16 17 1 9 8 13 12 19 6
8 16 6 9 20 18 17 4 3 1
11 9 18 2 16 8 12 7 13 17
8 6 3 20 11 17 15 13 14 19
8 13 8
19 18 14 7 13 20 2 12 26 16 15 24 11
15 26 25 1 18 11 19 9 5 4 24 7 17
8 1 9 25 7 11 23 14 22 10 3 18 21
4 15 11 20 6 10 26 8 24 9 1 22 17
10 21 7 20 15 18 8 14 5 23 2 17 16
10 23 6 22 9 13 24 26 25 8 12 16 19
23 3 6 14 2 9 8 15 22 16 4 12 25
6 26 18 8 17 15 10 7 16 4 5 13 20
12 12 10
23 19 1 18 24 2 3 8 13 21 4 10
5 11 21 22 24 20 4 1 2 7 9 13
13 2 19 12 18 3 1 17 22 15 10 8
10 18 6 4 1 23 22 13 24 19 5 2
14 6 22 5 10 13 17 18 12 3 11 15
23 10 11 1 6 3 14 15 2 7 18 4
5 17 2 1 16 21 23 12 10 13 22 11
22 13 7 10 6 17 23 12 14 9 20 11
20 23 12 5 21 2 15 10 1 18 11 4
4 24 14 9 6 17 1 5 2 12 7 22
23 15 7 9 2 5 16 6 24 17 4 20
20 8 10 18 9 7 1 24 14 15 6 17
14 16 12
2 18 13 7 11 10 9 3 6 1 8 15 16 4 26 5
29 22 23 21 8 5 13 15 4 24 10 11 32 27 1 28
9 19 20 5 25 26 14 22 1 8 13 2 11 18 15 17
5 2 23 4 6 11 21 19 8 29 18 14 25 15 16 10
8 26 9 25 13 5 15 17 30 7 10 11 24 22 3 14
19 17 23 4 30 2 1 9 3 25 21 16 8 7 32 27
19 26 31 8 30 23 17 32 21 22 20 11 10 4 29 7
17 27 23 29 28 3 25 24 22 10 11 20 4 7 15 9
29 18 19 22 17 12 8 28 32 30 6 4 14 11 2 5
8 25 21 27 29 28 2 12 5 17 10 7 9 16 23 13
15 23 7 2 13 27 28 17 24 26 1 3 5 19 4 6
27 3 9 23 26 1 8 30 10 6 15 17 29 7 4 31
22 32 31 7 4 2 12 29 1 28 30 24 26 17 9 25
11 32 13 27 6 5 18 24 14 30 16 12 26 7 28 17
12 21 13
33 12 7 8 19 18 11 16 14 41 3 27 1 17 5 15 34 25 39 9 32
10 32 9 37 3 22 19 27 17 12 35 20 18 5 24 8 14 2 33 38 16
13 1 4 23 8 27 40 7 28 35 38 24 32 11 37 36 33 12 34 15 14
23 19 26 34 12 37 38 32 27 24 14 15 17 21 1 7 33 18 9 4 6
21 11 39 6 5 16 38 3 36 25 17 30 4 1 27 13 29 34 7 37 12
23 25 37 11 35 13 32 7 36 8 16 6 33 5 39 24 40 9 4 3 26
30 28 1 23 9 3 27 14 5 13 8 36 34 35 32 37 19 6 20 31 29
13 12 26 16 4 14 3 11 8 27 31 30 9 35 41 7 17 2 33 1 21
37 35 30 40 41 29 28 7 31 14 13 18 10 3 32 16 25 42 27 36 33
1 31 41 39 4 21 35 11 8 3 6 29 10 17 19 7 40 37 38 28 36
22 25 10 31 37 39 34 13 17 40 6 14 4 9 5 42 23 29 26 12 32
15 21 32 19 35 6 38 30 3 28 27 8 14 23 1 26 33 7 39 25 22
15 22 14
38 27 7 3 24 25 6 28 31 33 16 18 8 23 41 17 35 2 11 10 30 9
34 14 30 33 7 22 40 31 36 29 18 39 41 35 12 10 32 37 28 4 11 15
36 43 39 34 7 25 23 19 18 21 20 17 44 28 5 31 12 29 32 14 10 11
37 15 20 29 34 36 40 25 30 14 12 33 35 16 21 44 42 38 8 11 23 17
3 31 29 4 11 38 24 17 30 25 23 12 13 34 32 6 35 22 43 42 41 40
7 35 20 38 5 25 16 8 43 3 24 42 17 12 26 41 4 14 10 18 13 32
15 9 32 42 24 28 20 31 4 23 18 10 17 34 3 41 21 37 39 5 16 43
7 2 36 30 10 9 43 3 32 37 39 27 17 34 4 20 29 44 25 12 18 8
15 44 30 43 3 5 25 8 19 24 4 33 20 1 13 29 21 39 6 16 42 2
10 13 37 43 35 27 28 6 19 44 11 42 8 7 30 32 12 22 17 34 5 29
10 2 7 12 37 25 4 35 19 44 24 14 38 30 17 1 16 11 21 33 32 27
29 41 25 36 27 40 21 31 33 2 14 11 4 8 7 13 6 5 37 30 32 16
30 24 32 16 14 5 20 10 37 42 34 1 38 35 43 6 31 3 4 29 21 13
41 2 30 37 17 33 24 38 22 19 43 9 21 3 11 25 42 18 8 35 23 1
5 14 43 35 26 33 42 18 25 1 7 6 11 10 17 39 24 19 13 41 21 20
6 11 5
20 1 3 19 17 11 10 18 9 21 2
22 3 13 14 5 19 17 11 8 12 15
19 17 10 6 14 15 22 16 7 21 4
21 11 4 17 8 10 3 6 5 12 14
18 2 8 7 21 3 6 19 16 10 9
14 16 3 4 1 6 13 18 5 19 22
8 11 9
14 17 2 1 13 9 6 12 3 20 15
19 11 3 6 1 20 13 8 17 9 16
20 10 9 16 12 11 3 19 5 17 15
4 3 13 5 7 2 9 15 17 19 10
10 6 2 19 9 20 13 7 15 17 16
11 12 8 18 10 17 19 16 13 9 3
19 3 18 4 5 13 6 7 8 2 15
19 11 6 15 14 8 1 21 20 2 13
9 9 8
4 13 2 5 16 18 14 3 11
10 1 12 7 2 8 3 16 17
2 14 3 18 4 10 11 9 12
14 16 18 11 5 10 4 6 8
7 3 17 8 18 9 15 12 13
5 9 14 18 8 16 3 4 1
12 11 10 9 3 7 14 17 15
17 1 12 5 18 13 9 11 6
7 2 17 10 9 5 18 4 14
13 21 16
19 26 17 38 32 15 13 20 12 23 18 29 36 14 37 1 8 33 6 11 4
3 21 41 1 36 23 18 27 2 14 37 35 20 5 16 7 12 13 4 32 19
42 5 14 4 22 6 8 41 26 34 32 23 20 2 38 27 11 21 10 13 40
11 23 1 22 9 25 37 24 31 5 10 16 13 38 19 6 12 42 7 41 14
28 4 27 14 22 32 15 10 36 33 1 24 38 20 12 3 39 41 13 31 37
14 17 30 40 32 12 33 11 22 13 1 3 9 10 16 8 25 26 39 36 35
42 13 15 40 19 17 10 6 23 20 18 5 8 26 33 28 1 36 3 9 2
27 10 1 2 28 17 30 31 19 13 3 37 4 25 23 39 24 21 16 32 14
35 6 8 32 19 41 34 30 40 9 22 26 15 36 37 17 27 38 39 2 21
11 10 5 13 2 8 30 12 3 22 32 26 17 29 37 4 34 35 25 41 27
6 29 20 21 35 10 39 40 17 25 14 38 34 26 42 41 19 2 37 23 3
30 2 1 23 27 9 17 8 6 24 7 16 22 38 41 21 5 18 19 14 37
16 14 39 35 30 8 26 24 40 5 27 18 31 15 13 41 10 21 22 29 17
