1 6 7 8 10 13 14 16 19 27 30 35 43 44 48 49 55 56 57 60 62 63 68 69 70 72 75 80 85 87 89 92 94 95 99 101 102 104 111 114 117 125 131 135 137 140 142 145 147 150 154 156 158 160 163 164 166 167 168 170 171 175 176 180 182 184 185 186 187 189 191 193 
2 3 6 7 9 10 11 15 17 21 24 26 28 29 30 32 34 36 39 40 46 52 56 58 59 62 64 68 69 72 82 83 85 88 89 95 96 103 104 107 111 112 113 118 119 120 123 125 126 127 136 138 139 142 149 152 153 154 156 159 161 163 165 175 177 179 180 184 186 189 190 
1 4 5 6 9 13 15 16 18 20 21 24 28 29 30 33 34 35 36 37 38 40 41 42 44 45 47 49 52 54 56 57 62 66 67 68 69 70 73 76 77 79 80 82 85 88 89 90 91 92 93 95 96 98 99 100 102 105 107 109 110 112 113 114 115 116 119 121 122 123 126 127 128 129 130 133 134 135 137 138 140 141 143 144 145 146 147 148 150 153 154 156 157 158 161 162 163 165 166 167 168 169 170 171 174 175 176 178 179 180 181 182 187 189 190 191 193 
1 2 3 4 5 7 10 11 12 13 14 15 17 18 21 23 25 28 29 31 32 35 36 37 39 41 44 46 47 49 50 51 54 55 57 59 60 62 63 64 66 70 73 74 75 76 78 80 81 82 83 84 85 89 92 95 96 97 99 101 102 103 106 107 108 109 110 111 112 114 115 116 117 118 119 121 122 123 124 125 127 129 131 133 136 137 138 141 142 144 145 146 147 149 152 153 154 156 159 160 164 165 168 171 172 174 177 178 179 185 187 188 192 193 
1 3 5 9 10 11 14 15 18 26 28 30 31 32 34 35 36 37 39 41 48 49 50 51 52 57 61 64 66 67 69 70 71 75 78 80 82 83 85 90 91 94 95 97 98 101 106 107 109 112 114 115 116 118 123 124 126 129 133 134 135 136 138 139 141 142 145 156 157 158 162 163 166 167 168 169 174 175 176 177 178 181 184 186 189 190 
2 3 9 16 18 19 20 21 23 24 25 26 30 32 33 39 41 46 47 48 49 50 53 54 57 58 59 60 64 65 66 67 71 72 73 74 76 77 78 82 84 85 87 88 89 90 91 92 94 96 99 101 102 103 105 107 108 109 112 115 119 124 125 127 128 129 131 133 135 136 138 142 145 146 147 148 149 150 151 153 154 157 158 159 160 162 163 165 166 167 169 172 173 174 176 177 178 180 181 182 184 185 186 187 189 192 
4 5 11 12 14 18 19 22 24 27 28 29 31 32 36 38 39 40 44 46 48 50 51 53 61 62 77 81 82 83 84 87 92 94 97 98 106 107 108 118 119 122 124 127 132 138 139 141 144 146 147 151 155 156 157 158 160 166 167 170 171 172 176 177 178 180 181 184 185 186 188 191 193 196 
1 6 8 10 14 17 22 28 32 34 37 38 40 43 46 48 49 52 53 56 62 68 75 78 80 81 84 85 88 89 90 92 96 98 102 104 109 116 117 122 123 126 127 129 130 131 136 137 138 139 140 145 146 150 153 155 156 157 158 159 161 165 166 167 168 170 172 175 183 184 186 187 190 
2 4 7 9 11 12 16 22 23 24 26 27 29 30 32 33 39 42 43 46 49 51 53 54 55 63 64 68 69 70 73 76 77 78 79 80 87 89 91 92 93 94 97 99 106 110 111 114 115 116 118 119 120 121 123 129 132 134 135 138 140 141 142 143 146 148 150 152 154 155 159 167 168 169 170 171 174 175 176 178 183 184 185 186 188 189 191 192 193 195 196 
1 2 4 5 6 8 9 12 13 15 16 18 20 21 22 23 24 26 27 31 33 34 36 37 39 40 41 42 44 45 46 47 48 52 53 54 56 57 58 59 65 69 70 73 74 75 78 79 80 82 83 84 85 86 87 89 90 93 94 95 97 98 99 100 101 102 104 107 109 110 111 112 113 114 115 117 118 119 120 121 122 124 126 130 135 136 140 141 142 143 144 146 147 148 151 153 155 158 159 160 161 163 164 165 167 170 172 175 180 181 182 183 184 185 186 187 190 
