# Initial point x_hat
0.818740
0.983567
0.259671
0.969724
0.431234
0.347519
0.050350
0.052765
0.692011
0.457929
0.226522
0.613970
0.252858
0.577632
0.359209
0.823552
0.820696
0.477350
0.350819
0.362560
0.805715
0.328179
0.209059
0.084688
0.466693
0.482132
0.840909
0.221239
0.380991
0.808406
0.823624
0.384611
0.459124
0.303286
0.932555
0.118644
0.933749
0.683866
0.531572
0.032659
0.475596
0.407748
0.161219
0.656410
0.971151
0.562189
0.714753
0.068450
0.417667
0.116358
0.612796
0.938482
0.661778
0.076803
0.354666
0.550663
0.403208
0.833644
0.814671
0.611831
0.373458
0.255336
0.105874
0.354898
0.413173
0.675823
0.658160
0.070108
0.395259
0.181779
0.156813
0.827302
0.041915
0.419183
0.168204
0.879330
0.557041
0.231381
0.502427
0.731486
0.958118
0.220446
0.886182
0.934304
0.916421
0.635414
0.629821
0.403211
0.752398
0.531294
0.677438
0.428458
0.731496
0.824472
0.146436
0.832930
0.540297
0.844666
0.431302
0.379040
