# Optimal solution - Dual Newton
0.35240325
0.43783911
0.46479871
0.58827512
0.37509241
0.35341256
0.18035125
0.33889003
0.75642135
0.31054715
0.46835982
0.65384683
0.37534663
0.46616233
0.35140401
0.51493542
0.57182414
0.74859274
0.27440793
0.66440409
0.48025181
0.49734413
0.34543934
0.19451231
0.38267468
0.54576038
0.55516757
0.23275948
0.56002152
0.61067142
0.38196535
0.34591347
0.24438173
0.28111539
0.65801239
0.25904380
0.30646629
0.78952211
0.53117599
0.34241153
0.60222913
0.58273858
0.43619399
0.62196456
0.38164701
0.30843635
0.47453555
0.36789321
0.33650287
0.18479170
0.25427410
0.55258475
0.57919266
0.68814806
0.27207339
0.66245908
0.31373673
0.36442344
0.67293859
0.44300692
0.26427414
0.42906568
0.26015390
0.66023083
0.50876018
0.46893014
0.56947376
0.13102344
0.47386142
0.47482411
0.29675853
0.33924542
0.22675785
0.26725523
0.29101427
0.69711567
0.48153294
0.24730266
0.29339258
0.43415931
0.47865606
0.51239226
0.79361699
0.50889287
0.28630413
0.55645477
0.29702518
0.33114523
0.30286236
0.52122365
0.54610889
0.24416446
0.61269160
0.64025845
0.28839298
0.81291807
0.45731824
0.38365425
0.50070107
0.41330103
