100
63 40
8 54
1 32
34 89
61 100
100 3
96 54
3 39
30 25
18 28
4 83
68 38
53 21
44 68
14 61
3 22
12 56
100 30
96 94
71 48
80 25
93 84
21 61
89 89
94 98
29 98
29 95
71 21
16 87
7 89
32 4
68 50
98 56
83 7
75 87
88 29
14 82
9 17
51 99
70 50
4 83
69 91
72 59
30 3
76 68
56 95
31 6
12 94
21 35
31 81
9 70
95 35
79 26
70 98
15 12
27 70
2 7
82 99
62 34
46 83
100 73
69 80
36 29
78 80
67 26
63 51
77 62
78 3
99 43
93 2
67 71
32 49
30 85
9 59
10 32
100 1
58 95
42 98
9 19
12 66
96 3
21 20
45 81
16 68
93 83
50 90
86 39
26 84
2 94
88 78
84 16
13 7
95 100
59 58
25 1
73 14
27 9
25 87
15 51
47 2
