100
86 4
27 48
80 32
69 23
75 76
38 26
43 10
19 96
90 51
38 23
63 20
10 93
27 3
85 80
26 70
54 18
46 98
90 49
79 97
39 63
84 37
73 27
63 21
70 40
64 48
86 27
92 86
41 61
54 92
48 18
25 83
60 13
76 49
21 13
95 33
66 61
19 29
89 11
34 60
39 60
44 57
23 25
70 24
42 94
67 91
14 38
45 19
26 7
100 19
10 25
56 70
19 41
76 61
81 6
39 80
61 76
37 91
48 41
31 54
67 96
2 87
98 38
84 43
89 32
8 31
37 71
30 94
48 5
91 8
12 10
71 70
80 7
86 59
11 65
26 64
45 65
61 50
96 95
12 81
62 94
81 12
22 10
20 31
27 49
90 54
99 41
95 73
1 3
93 95
92 75
78 62
60 89
57 25
96 100
50 40
18 46
8 71
5 75
52 59
54 94
