100
45 80
24 40
58 83
100 16
12 93
41 25
23 2
77 41
51 84
60 25
9 7
69 55
84 86
81 12
63 100
48 30
49 59
82 77
9 65
42 7
49 6
67 82
19 25
64 11
56 69
86 9
65 51
82 88
76 93
30 33
93 77
3 87
52 61
51 56
1 43
89 6
40 22
86 90
97 13
83 43
56 74
6 87
42 42
22 75
13 77
38 96
13 93
91 64
20 96
27 5
49 100
62 91
46 78
29 25
60 46
92 98
33 39
61 78
17 54
51 78
47 63
73 64
27 24
63 6
49 99
61 47
61 94
66 6
10 20
94 86
44 69
100 27
7 9
75 95
52 12
24 72
35 85
71 70
84 75
10 77
67 96
24 72
72 52
14 88
79 77
39 3
94 81
85 19
25 12
67 79
57 77
46 44
4 50
18 46
90 5
96 44
77 12
2 81
33 30
26 8
