50 500
37 25
43 15
16 29
23 46
18 15
21 33
26 38
25 2
17 48
50 33
31 3
45 40
12 42
29 37
42 7
11 47
16 44
17 27
46 32
23 14
7 27
25 13
32 43
33 36
39 35
7 11
40 49
46 8
40 38
18 6
23 50
34 17
34 11
21 3
32 39
41 36
44 41
3 34
19 12
37 16
33 18
23 39
30 50
6 38
41 32
43 35
27 21
7 39
16 42
31 29
40 38
27 6
33 17
14 8
1 36
8 46
18 35
1 32
38 35
41 32
4 33
42 5
23 44
32 8
17 9
12 24
7 31
17 12
7 46
32 13
14 25
6 12
30 20
5 19
30 35
7 27
36 10
48 17
23 38
45 4
30 50
7 1
1 18
23 31
28 5
27 13
45 22
47 14
15 9
47 48
43 2
32 12
29 32
9 33
7 21
43 50
11 8
50 10
4 23
33 38
50 47
19 43
10 43
19 12
47 41
39 47
9 21
5 42
29 7
40 25
31 39
40 21
14 50
9 7
40 50
43 32
38 36
23 30
23 50
12 10
14 23
16 50
14 5
17 31
9 29
9 18
21 28
34 3
42 10
25 3
46 27
34 31
33 18
45 46
41 47
4 19
19 26
15 28
31 27
18 48
2 50
10 6
23 12
18 22
49 7
40 29
4 27
32 9
36 49
35 22
29 8
46 43
48 46
11 18
43 41
39 6
42 36
19 6
1 25
20 30
1 15
35 9
35 16
28 43
21 25
29 28
28 43
37 10
47 48
8 44
27 21
16 29
38 47
8 4
44 14
21 29
36 47
18 32
29 30
40 42
38 14
21 34
14 27
21 47
12 37
5 42
39 2
2 22
6 20
11 12
38 28
37 10
33 24
28 49
25 33
33 44
6 11
42 30
22 16
5 6
13 29
2 19
28 43
35 26
8 7
29 23
50 45
22 5
42 10
39 40
13 48
25 38
33 42
9 23
15 27
37 10
1 26
22 36
2 26
20 22
16 30
42 23
21 40
22 26
28 45
40 6
5 10
26 19
7 27
39 11
30 28
16 41
14 43
34 46
41 1
46 33
11 10
48 25
49 33
9 23
28 16
11 16
49 44
11 46
22 19
10 29
22 41
25 47
39 14
46 48
28 11
26 7
49 39
41 17
22 45
15 49
49 4
35 30
33 37
31 40
47 42
13 5
10 50
25 38
33 12
33 18
37 4
4 30
3 43
42 11
2 44
12 40
30 46
18 36
2 39
46 33
45 44
21 16
25 4
17 5
18 40
18 13
42 9
3 39
44 18
27 34
2 31
41 31
29 13
34 26
35 24
8 1
43 25
43 27
34 9
3 36
31 11
19 40
44 38
9 43
41 37
8 12
12 20
12 15
7 8
36 18
9 35
19 42
25 5
4 25
15 8
11 2
11 1
32 36
15 47
36 34
4 25
14 45
30 25
37 12
24 36
10 17
45 46
1 47
31 24
24 36
37 5
8 40
12 44
31 14
18 40
13 17
39 42
6 24
23 4
49 8
39 35
11 17
43 13
19 12
27 30
47 11
16 14
40 25
35 44
39 14
12 6
35 17
50 11
28 37
35 43
40 26
7 35
7 17
10 15
7 16
36 24
23 12
39 28
24 50
7 24
24 33
25 12
22 4
9 17
31 15
1 30
30 42
36 7
25 24
11 17
40 16
7 32
37 31
27 37
24 3
36 14
4 23
41 26
29 34
46 25
49 36
43 17
19 17
47 37
19 48
46 19
22 18
15 16
48 8
2 21
1 24
26 36
44 1
25 50
39 44
50 4
14 27
27 37
33 18
32 47
45 26
14 25
16 10
46 33
24 43
29 47
13 1
49 44
40 23
44 4
24 18
16 32
22 42
49 1
26 11
11 42
26 31
21 11
18 22
13 44
38 16
2 49
14 42
19 49
19 3
12 30
34 35
40 37
26 11
17 8
14 38
29 41
12 33
13 35
46 16
10 19
8 44
36 12
21 48
50 34
29 6
29 28
11 37
48 8
49 39
16 10
20 36
13 12
10 28
13 26
21 39
27 44
6 15
31 28
32 16
23 37
46 5
11 37
27 34
39 31
12 37
39 27
25 30
9 21
36 45
10 39
10 2
3 25
45 43
35 19
50 4
38 13
10 28
50 2
35 21
29 11
2 15
48 22
5 10
45 15
18 6
38 48
11 1
37 47
42 44
12 17
17 36
28 47
17 43
46 35
15 29
46 47
20 4
23 1
2 17
40 6
37 12
43 45
30 19
