55 555
21 39
50 13
1 47
1 24
5 39
44 42
26 44
7 9
52 38
37 2
10 53
25 6
31 30
26 46
4 19
36 14
35 16
14 9
53 29
15 38
43 5
8 36
7 24
48 25
8 45
33 48
31 37
2 21
12 4
1 15
12 8
31 4
51 31
13 50
29 15
39 51
11 38
3 39
3 22
12 50
37 11
48 37
5 14
30 41
48 9
41 51
12 45
15 28
54 25
35 19
6 7
18 9
12 2
40 13
36 47
19 22
16 50
36 5
39 27
51 15
6 4
26 49
17 36
29 21
31 16
29 1
51 47
22 52
9 11
5 29
44 9
8 44
27 48
52 7
24 40
2 21
38 40
24 55
10 26
34 54
4 51
28 42
7 40
51 21
1 45
25 30
4 53
33 50
5 55
29 48
51 3
27 33
33 55
41 14
11 6
31 12
36 26
22 13
29 17
51 52
49 5
47 11
35 31
4 13
45 37
21 24
39 32
31 53
3 22
49 41
19 36
42 52
39 29
32 36
36 55
33 35
41 17
2 39
4 24
28 32
18 10
10 30
2 23
50 42
41 49
40 3
5 40
23 38
43 41
1 51
12 55
42 34
45 49
49 47
10 54
28 29
34 49
50 33
51 47
19 53
37 44
44 40
46 43
52 50
6 27
14 52
17 23
52 47
51 53
32 5
20 45
25 2
36 21
26 45
29 43
5 29
28 42
9 45
23 24
22 34
50 47
43 51
53 50
35 26
28 51
40 44
22 17
50 11
26 37
18 34
7 44
1 10
44 37
41 47
46 15
31 27
34 52
33 52
20 25
44 24
28 30
48 14
39 47
29 38
17 29
50 25
2 15
2 21
15 52
29 10
5 51
55 12
53 29
13 40
14 40
54 51
39 6
39 1
45 30
19 51
30 44
6 30
48 18
14 52
25 44
31 2
53 23
33 39
33 10
4 9
50 23
29 46
12 30
36 41
38 50
40 16
52 10
34 54
55 1
42 44
46 55
17 27
43 3
38 45
39 30
43 52
42 53
45 3
28 29
49 20
48 40
47 16
25 2
20 30
2 27
51 22
46 15
11 29
37 3
18 3
18 27
45 4
45 20
15 46
39 12
55 24
45 18
5 46
40 20
30 7
19 44
51 48
28 13
9 53
54 22
48 11
3 6
39 35
54 39
4 53
54 40
41 25
28 46
10 27
22 25
29 43
27 15
3 23
42 17
24 40
13 45
35 13
3 14
27 17
5 31
44 52
32 54
6 2
41 42
4 12
51 27
41 25
16 53
10 55
27 30
24 38
43 38
9 41
42 53
11 16
42 12
39 55
32 16
2 50
34 36
10 24
37 2
16 2
16 19
48 46
46 13
23 2
9 14
35 3
3 30
45 34
40 1
48 30
39 38
18 40
36 26
7 6
40 15
31 33
10 33
53 13
16 11
55 27
29 3
16 28
35 13
50 6
29 23
8 7
16 4
33 30
17 19
47 15
47 34
49 39
47 37
51 10
21 33
9 26
50 8
16 33
13 55
46 52
46 25
41 43
38 33
4 13
17 40
54 7
12 4
55 47
32 26
24 30
36 1
49 18
35 44
10 45
37 18
34 19
36 26
42 50
33 5
43 27
43 29
20 45
29 12
45 24
3 32
32 5
39 51
19 23
16 21
43 26
12 46
53 13
55 34
28 30
17 52
1 38
7 10
4 54
32 4
54 1
4 50
50 28
14 33
37 48
12 21
43 50
16 51
8 23
30 1
48 43
36 53
27 26
15 40
38 17
47 8
5 8
8 25
10 7
36 20
11 27
31 12
5 21
2 3
25 35
31 34
54 6
5 32
2 27
33 47
2 25
40 14
53 21
5 54
37 32
49 11
14 23
24 7
2 21
54 3
54 1
54 50
42 54
15 40
45 44
48 55
6 28
44 30
51 50
46 43
27 6
28 31
7 23
41 46
41 15
40 22
20 50
48 24
55 7
50 25
11 1
40 37
11 17
51 25
39 45
44 29
41 24
7 1
34 40
16 6
44 49
46 4
10 46
31 39
2 17
32 45
13 55
31 40
41 28
22 17
35 21
29 14
27 45
39 20
50 36
42 48
31 22
30 1
29 13
39 34
36 44
28 23
19 51
43 4
51 23
39 4
10 19
42 21
5 33
11 18
48 35
9 11
30 33
38 32
33 48
26 55
44 15
2 3
18 11
14 9
18 16
54 41
24 1
9 48
4 23
37 18
7 29
10 39
37 23
19 8
12 4
49 31
49 28
31 52
23 37
1 16
6 20
39 6
14 24
27 39
17 6
51 52
44 28
52 34
24 40
52 12
27 31
3 22
8 27
10 33
18 22
19 48
1 21
36 11
39 20
41 31
19 47
5 21
38 9
4 41
46 51
23 46
7 9
38 42
38 46
6 8
16 4
35 16
32 25
45 50
50 55
48 29
44 31
12 16
38 50
25 24
42 17
32 40
44 13
33 29
31 6
15 39
55 39
3 19
26 21
5 8
7 36
30 25
