75 1000
42 68
23 33
40 48
45 10
36 29
39 19
58 28
25 9
75 18
19 30
6 30
46 18
60 63
22 58
38 54
59 46
9 55
57 37
30 23
63 37
75 71
39 59
50 31
34 67
66 42
65 10
34 72
43 68
57 16
34 68
25 15
42 52
46 29
1 30
60 37
42 45
45 3
19 71
13 50
69 2
56 26
48 60
75 29
45 23
41 40
24 51
58 57
65 14
29 52
67 74
18 40
59 65
21 11
69 29
71 58
17 53
10 71
75 6
30 1
67 25
57 28
51 15
18 68
36 47
54 19
49 21
43 42
31 56
29 49
5 6
5 13
50 29
25 39
43 68
11 18
55 56
74 10
31 40
33 61
50 47
21 1
55 49
1 53
11 65
39 58
64 38
31 16
29 57
36 2
69 65
57 7
62 14
43 33
46 2
74 49
13 71
24 41
56 14
25 8
53 17
63 16
12 42
9 39
27 17
53 13
67 73
25 66
18 34
40 30
45 14
61 64
45 70
10 3
41 63
2 70
11 57
53 15
5 4
10 14
70 67
66 6
17 74
41 20
26 14
43 9
21 16
14 55
73 21
75 10
67 49
37 65
51 60
35 7
38 59
61 62
74 11
22 16
14 8
20 35
58 17
56 9
39 67
44 11
70 18
32 65
44 23
15 18
73 34
75 11
65 61
3 56
72 63
21 44
48 56
25 28
31 46
55 59
14 54
20 34
18 66
46 64
5 68
34 7
47 57
30 22
75 60
48 67
64 38
23 27
9 43
2 59
6 65
3 63
30 18
55 12
58 21
40 42
6 70
34 29
46 14
10 69
10 20
33 30
46 40
21 50
46 62
39 9
36 72
57 4
4 31
44 71
67 33
42 41
61 38
11 75
49 33
36 72
4 48
49 25
14 20
40 12
45 56
63 11
59 70
58 22
35 25
53 57
44 48
46 11
57 68
14 56
55 54
38 60
55 16
52 64
8 42
2 12
49 41
56 1
5 6
2 21
69 43
74 30
33 1
14 38
37 31
46 8
58 67
36 59
46 26
60 22
59 44
47 35
68 17
9 36
12 13
35 26
52 33
7 44
4 53
47 48
48 28
23 11
56 55
45 5
22 72
71 31
21 62
17 42
57 55
46 54
74 16
32 46
3 15
28 11
68 16
14 13
8 32
52 73
50 71
39 19
18 46
58 21
45 12
23 54
34 15
3 74
7 63
27 67
5 2
75 58
25 11
69 37
17 28
46 43
2 8
53 42
32 55
23 42
4 75
53 71
67 12
72 35
40 61
61 59
44 63
57 42
2 28
33 3
21 19
7 12
3 13
42 61
24 48
66 72
26 35
11 8
34 22
9 3
66 30
24 70
46 42
64 62
27 40
23 70
19 35
25 22
16 2
73 6
53 10
51 12
12 32
58 67
37 43
72 4
41 29
65 66
6 5
15 61
11 37
28 74
70 36
15 38
62 67
56 27
71 52
22 16
13 14
62 71
54 13
40 58
75 39
13 67
44 6
46 49
14 50
29 50
34 46
50 14
70 35
13 64
49 27
73 32
69 38
57 69
1 63
38 63
53 21
42 5
37 35
47 46
33 62
65 30
52 26
46 15
32 68
64 70
23 29
75 28
31 18
65 6
26 42
56 57
34 17
4 49
37 62
33 66
16 18
54 22
69 37
10 11
70 38
12 14
34 33
29 53
56 31
65 18
19 34
13 15
65 35
27 63
70 66
13 66
9 22
63 21
71 19
72 63
41 71
61 2
71 34
33 73
69 51
43 52
37 28
56 75
62 14
33 64
43 35
34 24
41 4
19 2
73 27
6 65
70 26
17 11
45 23
45 50
15 16
74 7
36 8
32 14
14 71
34 74
41 74
51 69
42 41
31 51
55 42
19 47
12 36
36 5
59 43
50 17
61 72
29 38
52 71
61 66
58 32
75 54
50 54
24 5
9 48
32 24
23 45
68 58
53 13
20 70
25 67
36 13
58 40
8 20
41 74
22 45
17 38
33 71
72 58
7 59
75 50
67 73
48 41
62 66
72 55
35 16
65 69
36 9
35 63
60 27
4 21
10 23
41 16
70 43
71 7
9 18
37 66
4 35
22 48
69 75
25 50
31 44
9 10
34 6
25 34
72 63
68 55
42 44
14 64
4 64
33 75
28 73
51 39
52 49
36 1
16 19
39 48
26 70
37 10
37 21
33 72
3 75
3 73
66 39
41 34
28 67
22 5
10 11
39 53
62 65
24 46
58 48
41 67
23 6
46 69
28 20
56 73
22 36
61 69
27 1
71 67
6 9
36 31
70 2
10 13
73 64
34 69
71 55
61 15
50 66
47 53
16 66
8 44
27 22
58 5
74 5
69 72
48 46
58 33
71 50
39 16
22 48
21 71
5 31
23 67
48 27
47 62
21 74
3 46
49 60
44 65
69 20
48 34
17 53
18 29
27 52
20 4
42 69
72 56
33 73
40 58
48 25
20 51
6 12
72 48
69 70
53 67
50 59
25 6
8 40
64 60
27 46
57 40
8 34
47 35
39 54
30 42
68 15
39 61
69 5
14 46
8 31
66 45
54 5
10 59
42 25
47 11
2 40
39 7
47 66
48 55
37 2
68 8
72 40
27 2
36 55
29 43
22 7
49 29
25 34
63 68
27 64
69 35
20 30
52 13
11 41
66 70
56 42
73 53
51 61
6 27
68 18
30 1
54 67
23 74
17 62
5 33
50 55
45 61
20 68
54 31
39 22
46 14
73 44
65 72
44 21
32 22
9 42
13 2
41 8
61 40
42 64
60 75
67 20
72 2
68 1
50 63
69 5
35 19
38 23
49 48
52 46
60 20
15 70
59 67
57 21
2 67
43 44
55 5
37 55
71 63
47 23
31 5
13 2
31 20
64 27
4 17
64 16
35 44
15 44
32 39
24 65
40 49
61 18
61 25
43 39
5 47
19 36
3 73
15 18
65 32
50 34
17 18
70 45
68 57
7 24
40 36
55 4
75 60
2 6
17 15
14 59
53 11
57 51
15 12
13 40
66 57
39 28
37 69
52 70
29 50
1 63
10 38
12 44
38 23
48 17
37 11
4 59
75 35
31 47
17 53
38 42
1 22
17 20
36 74
67 20
12 2
73 37
14 55
3 18
8 34
25 27
40 53
19 63
20 11
54 23
29 36
62 16
23 58
63 37
24 30
28 24
60 24
28 8
10 65
67 2
47 21
67 26
66 24
30 20
23 66
15 65
58 41
22 30
35 13
29 11
26 7
24 13
26 4
1 5
25 36
46 72
40 19
54 18
63 15
63 14
2 30
21 30
44 48
23 19
43 55
59 46
28 60
7 26
68 41
36 46
58 41
16 5
38 1
74 68
41 13
44 39
12 33
69 24
1 65
4 3
7 32
16 55
52 36
26 37
38 16
16 5
60 72
21 56
46 9
29 70
62 37
21 62
21 36
30 58
36 13
61 68
63 38
52 51
75 68
2 59
40 74
34 31
57 28
74 20
7 67
47 28
3 44
37 48
2 70
28 49
32 27
32 61
24 22
31 43
57 74
44 72
71 60
39 69
47 67
21 63
75 30
5 18
47 36
22 3
1 28
24 5
53 20
54 45
48 43
37 53
55 28
15 69
27 29
60 58
26 70
11 73
6 33
9 28
36 59
11 35
29 15
16 69
51 57
1 8
38 9
67 18
25 31
37 43
18 8
45 41
35 40
51 49
54 55
41 16
20 13
32 7
12 10
19 15
21 65
7 20
18 72
37 74
14 51
29 56
32 1
49 7
34 1
22 23
41 3
34 29
43 36
58 52
9 23
53 25
41 8
51 73
54 59
48 46
3 26
6 2
52 49
50 25
16 34
20 66
39 4
12 17
25 10
45 36
9 41
24 20
7 42
74 65
9 61
47 4
24 6
72 16
60 13
27 68
26 17
28 42
62 56
66 16
20 5
32 25
35 66
6 14
2 58
8 21
50 9
68 27
75 25
73 53
45 38
9 74
44 5
30 34
11 26
56 48
18 2
59 10
21 28
49 6
71 72
26 59
41 30
37 58
62 33
43 12
56 29
71 45
44 62
47 62
12 35
13 44
68 16
20 19
50 70
25 1
53 37
25 17
16 40
60 44
41 51
16 7
26 32
52 47
34 59
9 5
52 38
25 41
33 35
53 11
57 28
65 37
73 54
24 66
61 29
22 26
74 3
62 46
75 47
27 73
67 50
5 26
57 21
68 74
65 43
62 60
15 19
31 35
63 19
1 29
39 54
10 20
74 1
14 25
50 72
14 33
57 58
20 33
31 45
44 34
73 55
55 13
15 70
66 42
12 46
67 12
22 15
8 69
40 10
55 38
26 20
74 52
51 31
9 39
20 50
5 63
20 69
4 70
8 22
51 55
7 13
29 64
49 43
69 57
40 42
60 19
75 40
7 65
8 62
36 48
50 56
39 16
28 62
33 55
20 55
68 28
34 65
27 49
5 72
59 65
58 57
16 17
49 65
27 59
72 30
