100 4000
49 67
74 21
70 43
7 23
13 86
91 49
71 53
100 66
59 78
49 14
43 77
68 77
39 47
81 58
100 30
41 5
14 38
76 1
55 100
99 32
18 58
54 66
65 24
15 46
60 73
98 65
75 51
58 24
3 7
34 54
74 94
78 88
3 23
86 15
67 22
47 30
63 54
33 65
87 8
30 51
4 14
17 45
19 21
44 52
88 20
19 11
48 66
66 51
99 96
87 42
39 53
90 80
86 36
31 37
64 49
47 9
55 60
36 2
18 41
100 22
71 62
38 10
37 77
41 36
78 63
23 42
49 65
64 53
9 39
48 10
41 80
16 84
46 92
97 37
20 78
44 57
57 90
5 34
5 40
76 74
8 3
95 43
19 83
49 10
3 27
72 49
32 100
100 37
88 9
42 64
14 16
67 69
39 27
23 99
24 53
38 45
90 80
33 21
56 38
26 61
69 57
56 53
31 97
88 39
25 10
75 14
6 20
57 54
16 49
72 53
30 82
23 2
67 39
7 65
96 94
30 8
82 56
82 58
29 12
47 90
42 86
94 96
2 93
87 68
81 29
16 81
24 42
23 52
31 99
56 70
88 32
45 42
98 48
12 100
3 56
84 3
45 28
17 23
43 64
88 58
100 10
9 74
55 23
98 52
25 76
31 54
63 32
17 77
46 35
15 53
30 52
37 20
67 100
60 30
19 17
51 64
39 20
17 68
69 87
33 34
13 12
33 42
81 4
27 88
74 52
99 35
78 71
99 63
77 31
45 91
43 47
29 71
81 44
49 74
36 21
3 77
40 73
50 59
22 29
53 24
58 74
14 54
98 12
61 63
53 38
38 100
65 39
75 79
6 100
40 7
81 44
36 38
70 15
7 86
94 91
18 97
25 6
21 83
33 69
65 76
89 30
39 99
31 44
31 57
59 18
58 92
9 32
44 68
47 90
42 81
45 26
50 91
39 58
86 5
47 64
9 75
16 92
26 28
60 54
43 68
99 1
71 95
57 25
12 92
40 78
85 30
80 7
2 55
1 16
35 20
100 92
5 35
95 47
61 77
44 45
38 20
90 30
47 34
4 64
55 80
76 88
92 17
66 69
28 68
2 27
67 61
37 57
39 60
4 8
47 80
36 25
100 58
88 75
47 12
71 39
97 26
71 35
41 64
91 8
66 78
38 55
87 15
89 27
49 82
97 77
28 72
11 67
38 52
94 86
52 40
66 81
18 95
10 69
43 88
79 9
65 53
81 58
56 43
82 42
1 48
84 30
13 42
87 24
63 3
84 14
89 11
15 97
23 5
62 35
87 6
64 82
12 28
83 98
3 60
78 87
49 44
100 76
10 71
35 21
11 16
34 50
77 2
63 3
72 83
5 6
2 77
16 20
97 56
72 23
20 46
82 17
47 86
79 56
86 68
98 40
47 79
46 49
100 63
58 65
45 27
16 54
44 97
67 43
34 25
17 46
9 66
13 76
61 33
74 47
41 100
33 95
66 12
91 33
13 78
68 21
66 96
69 14
13 51
51 95
60 90
37 38
10 85
2 12
98 71
5 95
71 13
87 32
38 33
81 5
58 19
55 63
47 11
14 65
58 45
46 67
43 47
77 40
36 87
18 33
55 67
35 96
64 71
72 34
100 98
22 25
71 13
41 19
39 95
26 37
91 35
85 40
69 74
32 39
76 78
18 60
83 52
85 95
96 78
21 82
82 90
54 27
59 53
82 24
55 53
69 74
51 47
95 67
14 50
18 84
12 82
85 11
70 22
70 38
64 19
80 3
55 38
82 42
63 66
94 6
14 87
75 28
54 97
4 90
59 86
35 48
35 96
33 77
46 11
50 21
79 85
95 40
25 10
49 32
58 34
80 51
85 96
17 59
13 11
3 25
83 29
9 7
80 50
38 74
13 18
77 52
93 64
59 22
79 96
75 72
97 90
29 60
78 49
82 95
25 73
14 64
63 45
63 55
5 18
55 39
31 69
38 57
47 65
5 55
56 87
88 33
67 96
93 31
34 19
19 56
20 80
44 17
46 70
52 53
29 46
3 50
13 14
78 26
43 51
23 76
37 79
45 19
89 99
29 30
97 70
7 63
46 73
2 55
36 29
68 35
96 32
87 55
54 100
22 17
59 46
93 79
80 64
36 34
10 52
68 67
84 55
51 78
80 59
83 14
93 25
27 71
58 55
30 16
54 87
69 22
19 39
1 70
75 19
27 31
2 74
59 70
82 17
58 87
28 18
59 67
62 6
13 56
56 60
62 16
48 43
13 44
9 32
2 23
9 32
1 57
76 25
35 44
84 93
24 34
62 17
26 73
35 83
33 5
69 95
93 9
37 82
71 63
28 66
83 80
39 73
61 74
87 36
21 81
32 20
25 16
69 88
96 58
37 28
49 96
11 80
18 2
88 19
64 22
71 52
9 78
49 12
75 54
77 9
82 6
15 60
72 69
40 35
16 20
25 67
88 61
14 3
68 21
60 82
12 74
3 41
78 93
32 95
90 93
73 3
40 30
32 81
73 99
20 49
7 49
72 35
48 46
66 13
7 47
40 69
51 62
38 52
26 41
19 71
88 41
8 82
33 32
56 20
78 23
47 29
5 8
86 16
68 69
72 77
46 35
80 12
86 65
85 52
14 98
41 93
81 78
18 22
73 26
56 12
43 92
89 17
34 44
51 26
35 5
38 54
40 28
91 29
48 92
27 33
52 21
14 80
14 65
56 60
17 70
59 41
98 65
42 35
22 69
68 74
81 66
63 24
89 43
46 62
9 60
7 52
58 77
82 44
30 57
20 63
52 39
61 32
65 57
7 22
94 3
28 11
55 97
99 40
85 31
32 85
21 14
76 64
48 38
50 73
53 94
76 39
90 53
22 20
39 93
6 71
88 31
27 1
44 81
71 12
25 67
41 26
53 73
95 93
40 80
64 60
55 40
47 12
23 33
99 89
12 47
13 61
79 64
5 20
80 6
10 66
36 42
73 51
72 70
86 51
96 11
14 72
41 72
82 31
43 62
83 19
16 6
20 55
8 42
27 37
83 40
36 66
6 61
4 22
46 71
32 6
99 52
44 97
62 81
72 7
79 52
78 74
40 54
13 8
68 97
60 30
9 87
93 10
71 54
87 42
95 94
65 95
13 90
4 36
18 23
21 92
50 31
92 83
86 89
56 62
16 69
27 72
6 40
92 64
21 72
40 30
89 45
18 13
28 63
57 42
69 62
33 100
82 57
85 62
74 68
71 68
68 58
60 46
26 23
96 99
90 82
53 84
51 50
23 36
44 47
96 22
94 97
91 64
15 46
85 60
46 3
30 51
92 65
29 87
59 79
35 54
94 6
44 49
67 63
13 47
18 85
59 63
99 76
3 77
19 3
32 57
99 27
64 86
52 90
51 92
98 13
31 83
13 66
30 75
2 42
27 14
83 88
97 21
99 57
86 91
7 86
26 75
36 21
77 30
71 12
21 11
19 12
26 46
94 95
75 98
29 23
68 83
71 76
38 28
66 46
97 38
74 17
83 59
84 48
74 27
9 91
13 43
80 12
84 1
55 89
36 42
71 36
12 37
35 78
39 97
61 5
83 18
33 86
3 48
4 28
10 58
6 59
6 36
92 49
33 22
11 89
24 8
64 3
91 100
70 1
42 10
11 85
52 43
63 53
70 78
50 85
32 18
6 44
5 87
28 24
10 4
75 86
79 74
52 7
38 68
92 93
5 18
4 70
96 18
55 16
25 29
44 20
15 47
86 87
39 47
2 100
42 84
57 96
57 22
99 48
23 22
49 95
39 46
48 77
44 82
40 21
31 86
65 60
4 5
17 19
61 7
76 69
81 4
7 23
79 56
34 63
69 89
74 25
45 51
95 41
95 79
55 7
8 88
6 57
89 69
35 72
2 46
41 80
96 14
36 4
24 22
92 22
5 61
78 85
82 34
62 38
37 86
26 90
57 3
89 67
77 98
1 35
51 73
26 7
10 65
52 85
40 42
37 19
68 18
29 22
62 54
84 68
70 41
20 66
93 59
68 71
40 84
78 35
18 46
89 16
11 62
68 13
55 95
66 33
91 61
79 21
53 24
14 84
11 50
37 36
76 33
6 12
26 47
14 24
81 32
4 18
63 41
30 89
93 85
9 80
11 18
26 28
87 77
17 75
78 8
19 10
64 87
29 78
27 99
51 90
22 66
17 82
100 33
16 26
7 62
10 29
77 2
30 86
46 56
5 67
55 68
20 77
13 57
59 30
21 52
52 18
45 86
50 77
53 18
3 68
59 89
82 55
42 7
37 26
16 29
12 81
52 85
8 22
21 8
97 18
49 69
93 20
31 76
19 65
1 52
72 27
63 36
41 79
70 14
71 42
98 59
66 35
60 100
51 59
40 13
74 80
53 16
13 79
24 86
46 3
53 7
25 71
86 1
72 87
30 77
29 24
11 98
8 75
48 88
13 71
35 50
46 36
64 84
64 84
37 26
58 41
80 43
53 5
84 3
30 29
88 38
33 35
83 19
32 56
50 1
27 3
89 65
62 40
10 94
6 30
68 51
76 53
90 93
100 56
34 75
95 80
42 36
10 51
54 64
60 23
24 32
28 37
46 29
73 38
36 97
64 100
35 82
33 34
19 100
26 20
79 24
23 25
3 47
29 89
65 3
43 87
97 71
16 31
55 62
15 17
97 49
53 49
46 97
86 8
28 1
72 78
91 34
79 38
92 36
51 100
71 84
42 12
93 84
23 19
62 77
44 57
73 46
37 78
35 18
54 8
16 94
21 5
38 29
30 17
28 62
45 16
36 85
36 70
85 14
98 37
41 29
25 35
24 28
96 13
60 92
66 97
15 37
49 56
36 45
24 69
91 85
26 33
24 16
81 65
39 42
76 7
71 70
100 37
99 24
15 17
76 64
60 67
34 45
5 98
74 79
5 27
65 17
74 100
12 64
25 34
85 98
73 63
69 28
83 49
77 61
25 82
7 76
10 82
55 86
100 36
51 34
6 85
54 51
18 3
62 21
28 32
59 88
93 96
42 72
14 75
62 27
98 72
74 62
23 99
16 89
78 28
92 58
66 41
87 14
57 12
1 64
91 75
61 91
42 1
35 53
78 23
82 96
31 41
35 37
36 84
19 49
99 67
57 14
59 94
55 83
54 59
89 8
19 52
84 54
41 51
32 89
2 99
22 25
72 30
7 52
28 93
43 55
66 90
7 9
66 75
96 38
87 72
46 29
10 21
26 83
27 50
84 6
8 57
61 11
69 67
94 76
46 20
51 71
100 62
41 8
61 34
93 27
30 35
74 44
36 60
23 37
1 82
75 88
51 25
23 62
44 50
16 54
4 63
78 51
9 27
62 73
6 34
20 81
38 10
62 88
54 89
24 65
54 84
78 4
68 97
5 99
11 38
41 20
33 48
12 85
46 50
26 75
43 87
71 12
60 63
1 54
95 18
67 45
90 47
11 8
100 71
81 85
77 48
2 29
34 58
70 9
18 1
17 63
55 53
70 53
66 65
23 1
27 69
79 51
73 68
64 27
56 54
97 44
30 46
33 41
58 9
37 18
24 47
55 1
31 43
94 28
77 28
82 24
25 10
100 45
53 82
91 38
52 29
31 66
1 12
72 98
34 3
71 92
70 17
86 5
4 98
31 81
89 30
80 78
15 55
78 12
32 22
86 39
11 78
90 43
27 44
66 16
90 26
9 44
83 37
60 58
90 14
41 40
2 100
23 32
51 8
19 32
99 38
64 49
45 10
9 13
8 11
56 98
93 45
39 61
73 39
59 96
96 13
45 84
55 64
71 79
52 1
9 67
28 66
29 53
4 69
41 72
52 39
74 47
13 10
83 91
41 39
26 30
38 14
47 41
83 69
47 19
59 40
78 47
40 27
37 75
29 98
41 11
28 37
23 74
85 90
22 77
81 9
28 86
39 79
9 3
7 19
61 57
90 76
51 49
36 74
85 97
62 40
77 4
51 39
39 74
39 22
12 62
80 20
17 24
100 66
26 94
90 82
39 15
20 49
30 40
6 9
99 69
34 36
31 54
50 67
82 59
33 68
89 47
62 85
1 54
35 10
70 3
16 91
96 27
38 67
33 68
76 26
29 75
69 32
73 29
80 9
29 78
14 95
30 62
24 54
57 6
38 95
69 89
89 21
81 84
2 43
4 29
1 37
27 61
43 94
54 90
64 59
19 46
78 87
82 1
20 45
67 71
36 18
60 36
82 4
12 78
34 91
13 59
97 96
19 33
73 77
50 72
69 39
8 95
66 76
9 27
100 49
82 1
58 97
85 28
75 26
22 66
62 47
77 25
39 62
22 18
18 47
16 4
49 41
29 95
87 33
51 69
22 82
35 58
100 38
13 31
16 81
22 28
8 39
50 12
94 43
69 3
79 82
57 80
7 51
98 21
55 54
6 1
72 53
23 89
39 65
34 77
37 70
70 78
4 75
70 18
59 97
40 82
23 33
16 36
98 66
68 13
95 60
57 44
47 90
12 69
15 32
3 39
68 78
63 26
49 20
81 70
56 84
62 23
98 75
25 63
30 88
93 98
30 15
16 97
50 11
45 34
87 21
15 98
33 7
44 72
10 94
59 32
41 72
86 17
75 18
77 2
45 7
37 76
40 72
9 55
52 58
69 57
50 27
70 39
86 13
76 35
42 61
32 94
45 9
50 8
68 31
68 95
24 88
20 28
26 89
46 14
26 86
32 9
88 38
53 48
43 12
95 63
9 89
28 86
80 84
41 84
48 20
70 9
79 53
71 24
66 31
70 87
15 86
22 14
55 39
46 16
33 73
19 63
4 3
70 71
47 46
47 13
55 29
45 11
55 41
42 8
22 37
9 100
3 64
8 75
93 6
19 36
93 70
55 34
16 45
88 77
22 80
20 25
4 41
66 62
78 54
12 19
98 5
66 8
63 67
24 48
63 9
67 47
82 58
93 21
96 43
97 33
99 81
56 63
3 39
63 11
29 41
26 68
52 6
26 17
6 99
36 23
44 74
19 65
2 63
59 38
96 18
13 71
56 72
44 71
70 54
42 17
58 37
3 61
62 72
33 47
13 40
27 23
9 35
71 59
37 18
52 24
36 27
100 54
1 36
66 59
64 6
65 96
99 82
76 8
83 84
40 35
39 71
29 68
80 74
81 47
4 22
76 4
86 29
82 86
36 13
100 49
82 59
83 76
80 61
75 44
35 68
30 15
88 95
79 98
67 38
31 4
90 27
11 60
80 1
48 75
67 92
81 24
98 42
57 42
95 21
70 41
18 86
79 77
8 84
51 38
74 43
36 30
59 46
49 78
5 53
17 34
85 91
89 8
74 26
14 49
78 58
4 60
81 37
48 96
44 6
3 18
79 46
73 90
96 49
99 37
50 55
65 53
22 92
21 1
13 71
94 89
36 32
6 83
27 82
84 53
83 58
62 64
96 53
80 62
31 78
20 58
41 50
84 98
10 35
28 16
24 69
81 90
33 16
94 60
84 52
59 94
29 47
73 60
36 98
71 44
94 68
48 47
16 38
51 17
82 74
62 8
37 65
23 49
10 64
90 67
49 75
17 21
54 45
62 92
75 25
29 91
36 20
80 98
50 56
85 48
41 67
55 1
94 22
25 29
86 91
89 58
96 31
70 97
99 24
39 46
74 28
10 8
50 49
38 86
67 7
58 37
79 41
52 12
46 96
10 38
53 30
76 83
75 68
3 67
27 9
16 69
7 37
39 66
86 34
84 40
100 95
42 91
49 64
79 23
66 55
78 56
51 6
17 97
57 99
31 45
18 87
51 30
44 23
15 93
58 26
6 46
76 80
42 90
41 76
26 24
96 24
74 88
36 12
70 24
15 99
95 41
16 62
6 55
13 82
42 61
5 90
38 90
91 95
57 11
5 34
13 34
54 10
73 71
94 25
20 28
17 63
86 14
40 14
12 35
56 14
36 20
98 23
9 31
59 49
81 61
90 74
63 33
30 98
53 87
94 82
19 15
71 29
31 68
49 90
51 68
58 65
69 23
73 54
19 92
48 32
87 49
15 34
56 77
91 70
81 65
20 45
23 90
12 49
75 38
73 63
25 35
47 1
78 39
19 29
99 78
9 68
65 99
7 44
55 99
16 42
91 12
22 58
33 31
56 97
26 39
17 86
70 72
91 10
35 52
21 18
80 42
61 89
30 10
94 24
2 14
12 96
77 96
39 59
75 45
72 20
81 72
84 34
99 61
90 69
78 3
37 24
63 34
4 24
98 82
81 4
88 34
7 91
50 65
71 50
80 89
34 75
42 67
34 67
31 100
1 88
97 27
9 8
1 33
27 100
58 27
75 54
54 51
41 16
6 36
35 58
44 74
32 72
52 78
19 33
34 84
99 93
71 16
29 76
87 100
40 1
40 41
12 69
66 94
6 69
66 24
94 27
71 19
74 90
32 24
24 77
48 33
68 24
100 2
51 38
20 76
1 72
30 57
20 45
58 38
23 12
73 25
32 58
14 55
2 45
3 18
20 89
53 68
72 63
64 22
45 41
61 38
5 44
39 50
48 46
73 55
19 36
71 79
57 61
52 91
70 49
86 33
15 63
22 36
16 20
60 59
2 82
76 57
57 33
48 76
62 53
100 85
78 38
80 2
38 86
29 97
17 63
84 34
50 99
94 29
58 22
83 9
62 95
15 42
35 99
68 100
97 25
57 81
25 28
100 95
30 81
38 80
87 90
10 60
27 15
57 11
52 37
61 5
98 6
41 91
85 19
7 12
46 14
6 38
30 28
72 37
77 80
21 48
45 34
74 72
36 89
36 86
78 65
74 65
36 98
18 10
30 87
61 62
38 4
94 56
99 41
63 21
79 69
36 25
58 23
86 40
52 40
46 3
6 35
99 7
86 68
95 66
55 1
26 62
54 44
74 51
55 27
49 65
45 35
90 84
62 70
41 78
80 100
55 29
50 38
75 62
16 70
83 51
18 65
35 54
33 73
24 72
19 55
23 99
14 86
100 92
81 26
84 45
30 34
43 16
61 58
98 67
28 46
26 54
9 1
99 68
56 51
54 94
66 88
16 62
86 79
35 43
89 34
12 1
66 89
60 80
40 8
72 51
96 14
27 87
58 63
81 59
67 73
80 18
92 22
25 52
37 36
65 49
30 47
46 9
29 83
69 58
98 59
87 6
70 3
65 54
9 79
30 19
32 90
21 61
39 80
100 91
96 87
30 89
70 30
14 90
3 58
54 90
51 87
61 41
87 77
17 54
30 69
6 93
75 19
21 94
6 27
38 80
70 16
86 74
10 82
6 61
52 42
18 100
95 29
14 74
63 61
65 88
67 95
77 61
94 86
89 60
19 39
39 41
96 15
58 28
12 20
65 21
97 15
89 74
91 56
27 56
22 82
4 63
80 23
32 81
36 54
56 39
20 60
83 68
53 42
85 32
6 98
35 62
33 62
40 50
93 3
43 76
45 84
91 59
31 33
6 99
42 12
38 83
85 34
31 32
85 7
91 40
71 78
68 100
76 14
90 23
39 57
58 20
54 7
96 4
34 91
3 18
58 38
44 49
88 46
10 37
8 53
8 94
55 7
33 76
50 71
79 25
20 91
29 6
27 20
29 38
96 15
19 78
58 42
36 20
95 63
32 83
39 8
17 9
59 54
85 8
19 90
23 68
37 35
23 5
80 29
38 90
21 44
19 15
73 55
56 8
45 6
53 87
85 28
72 42
70 97
4 34
4 2
75 69
80 12
96 82
91 57
61 35
38 54
93 90
88 26
99 81
94 21
74 80
90 66
63 3
88 50
82 70
56 83
14 3
87 30
72 71
22 77
16 14
25 77
67 90
45 93
90 56
87 58
50 82
27 97
45 100
80 18
19 77
40 82
57 81
79 22
64 14
57 97
56 10
65 39
38 2
12 67
19 24
49 46
82 25
43 10
78 52
41 32
78 57
9 15
43 2
2 66
21 69
51 22
14 100
69 85
74 8
29 73
58 47
67 83
17 59
52 72
62 44
65 71
44 73
58 25
4 52
4 72
26 41
55 48
4 59
1 21
54 88
85 27
64 96
21 69
92 57
56 50
33 22
5 15
73 71
58 75
79 23
9 34
26 19
59 71
77 60
8 90
60 84
52 98
58 54
30 100
85 89
23 98
39 41
79 13
81 23
81 12
99 95
22 10
25 53
26 40
97 30
90 64
86 26
71 7
94 97
66 88
98 74
86 27
37 33
29 36
40 43
11 41
69 9
50 47
63 65
56 81
52 53
40 8
79 61
81 9
82 69
93 98
54 37
87 26
22 99
70 52
31 81
69 56
55 12
33 42
85 10
93 17
14 5
61 96
16 38
98 41
94 30
12 53
69 97
65 21
2 38
91 45
77 8
85 8
75 81
26 28
34 5
56 50
69 30
3 59
99 93
52 33
14 13
83 42
85 70
5 34
71 56
46 48
25 21
12 58
100 26
42 44
82 94
37 5
8 9
22 79
82 41
55 83
21 4
52 53
96 15
37 4
51 42
69 28
51 52
69 40
25 73
49 57
67 74
44 46
13 66
51 71
59 18
86 59
75 32
62 94
16 37
15 76
47 11
86 32
33 4
52 75
35 5
89 38
28 84
78 84
43 39
63 33
23 18
54 48
45 73
91 62
17 87
82 4
97 52
20 77
64 92
93 2
41 54
27 65
69 63
74 10
77 88
67 29
86 3
94 50
62 79
67 43
82 90
60 90
26 86
93 36
71 46
14 95
66 29
61 4
58 3
30 34
38 7
58 90
84 69
76 25
47 34
11 9
10 35
49 92
31 2
89 27
17 13
83 33
98 53
87 61
85 56
69 11
14 87
100 40
89 5
22 70
23 6
61 65
21 49
2 44
22 75
97 88
82 26
62 12
69 10
51 52
100 83
24 6
29 60
49 52
90 98
55 7
50 28
12 34
67 25
42 9
57 81
64 27
54 51
77 68
32 100
47 7
42 47
37 5
39 99
54 45
46 84
4 38
28 63
65 16
17 45
69 43
51 80
26 42
5 86
47 30
2 72
10 68
91 16
2 50
61 51
61 51
9 64
48 54
29 51
70 51
54 7
76 19
44 32
67 79
40 42
81 48
71 72
96 78
32 98
66 80
62 92
96 30
55 5
34 4
10 68
21 4
74 90
62 4
77 70
32 21
54 96
65 61
51 94
70 21
80 70
62 72
90 38
99 46
61 83
85 35
6 75
100 46
45 74
47 70
32 68
83 70
93 10
31 14
90 50
11 91
44 25
22 58
60 12
38 46
78 50
90 19
99 69
84 12
59 9
76 29
99 44
60 2
40 56
26 70
38 3
66 22
72 87
57 51
78 18
95 92
60 4
72 61
26 23
42 57
50 51
62 26
63 19
34 32
4 28
25 42
43 25
99 90
94 17
17 12
9 96
19 30
66 74
81 63
59 15
53 95
64 29
95 73
46 62
44 97
53 55
4 43
20 61
96 90
59 72
68 21
72 79
74 98
7 14
57 26
52 16
15 50
85 65
40 65
93 61
21 4
26 11
78 84
8 39
19 28
16 45
75 64
89 7
8 55
15 3
65 2
67 55
8 70
33 63
8 58
98 78
61 11
50 53
15 83
7 26
54 22
44 99
45 44
43 33
46 45
47 41
99 55
62 30
77 56
80 53
88 45
19 68
48 28
49 12
91 47
77 71
36 71
79 62
42 41
63 40
71 20
85 56
5 98
32 76
85 27
39 25
54 97
39 84
39 70
100 44
42 36
51 53
42 84
93 10
86 32
71 40
79 49
27 21
58 66
26 38
52 11
97 66
12 54
90 44
81 97
85 17
73 62
40 47
86 91
14 76
49 52
77 37
51 95
33 31
27 67
31 93
42 16
30 76
41 28
45 34
50 14
66 63
15 46
41 56
42 46
75 78
72 17
52 15
45 78
33 42
54 65
58 26
96 98
82 67
86 24
74 97
10 12
2 79
56 19
60 13
1 52
7 39
78 39
17 91
71 67
77 95
9 37
66 44
36 14
94 64
2 33
23 65
5 59
58 44
21 25
3 68
4 22
22 68
100 22
50 96
8 36
40 44
15 97
92 4
56 39
72 34
28 47
84 75
88 19
88 86
20 53
65 16
13 62
9 2
100 11
85 70
9 95
14 79
56 48
46 24
80 85
38 37
99 47
43 58
82 5
86 10
83 78
58 65
54 23
46 62
32 13
25 86
33 92
60 23
57 15
67 30
86 25
80 82
36 63
22 54
64 96
11 47
22 100
47 39
22 57
43 57
15 11
4 85
53 41
1 68
79 1
56 6
4 63
1 93
20 67
56 28
20 5
67 59
43 99
26 36
39 46
61 57
42 96
65 27
96 13
2 89
97 20
76 50
81 16
41 82
76 69
75 96
48 79
90 76
85 37
71 45
39 19
13 72
27 40
80 87
78 32
53 23
57 7
27 95
80 61
67 4
98 41
20 41
56 50
86 99
82 66
40 58
9 20
4 41
30 16
16 29
11 38
57 56
2 32
2 95
9 51
93 3
32 10
31 96
66 86
84 14
92 20
64 26
81 70
64 3
40 79
77 78
28 82
51 17
31 59
60 17
24 53
27 53
42 97
33 92
50 94
8 70
1 88
47 44
91 1
35 55
29 2
53 57
24 67
73 56
76 95
85 10
18 49
92 51
54 26
91 82
62 72
56 24
29 32
93 19
77 73
1 72
17 43
20 37
100 10
55 29
8 80
69 55
48 82
36 74
66 63
16 68
42 83
74 27
77 42
63 71
14 87
51 14
49 9
75 43
67 69
95 50
75 34
40 58
85 96
63 19
41 42
88 48
48 4
89 43
8 89
88 20
19 22
28 74
52 81
25 1
17 2
23 69
98 58
43 30
73 59
78 13
16 74
96 78
58 57
2 12
2 9
77 63
82 86
16 34
22 74
78 9
35 85
34 65
48 55
97 47
76 32
92 5
73 11
87 68
91 12
35 43
28 43
84 90
29 39
84 8
67 95
82 30
11 96
40 46
85 5
82 57
66 10
93 49
70 94
9 40
55 57
14 27
84 54
11 43
63 1
18 35
64 27
58 69
79 81
66 45
21 13
62 9
44 1
9 7
15 74
10 29
67 14
66 64
32 90
81 78
73 29
80 44
7 51
89 76
62 15
6 28
93 46
66 42
65 25
33 10
46 91
54 15
86 45
36 22
31 91
94 77
97 50
86 50
18 33
15 25
9 95
78 61
24 11
77 16
9 39
35 10
97 69
46 63
32 97
50 2
86 98
99 14
13 96
66 29
9 52
68 83
99 47
14 72
22 43
11 43
57 18
17 80
62 52
33 3
73 82
58 3
16 66
10 48
60 92
58 65
62 96
13 59
52 93
60 23
75 87
89 40
16 94
3 15
84 21
3 49
42 96
67 5
17 79
6 3
99 53
5 2
47 89
21 99
48 88
18 100
80 69
93 70
46 59
35 99
24 91
45 84
17 76
50 40
88 16
68 7
39 97
63 48
80 89
63 36
19 82
88 52
37 61
39 58
95 52
88 79
9 53
85 97
77 85
12 61
69 70
25 14
96 89
82 96
34 100
62 6
79 69
67 64
68 42
71 46
90 15
7 55
65 79
63 59
10 91
47 90
54 65
21 18
37 34
21 1
92 29
64 45
27 46
41 2
75 67
59 35
89 79
37 65
97 70
20 39
96 66
77 8
58 45
81 48
85 37
94 19
40 50
69 97
61 19
11 96
36 2
58 77
62 20
46 36
71 6
5 19
92 78
98 7
5 47
55 11
16 92
91 99
1 46
47 70
71 76
97 22
44 93
79 74
55 100
73 11
5 77
96 24
79 24
8 57
61 15
51 97
88 48
48 93
93 69
81 11
11 1
57 16
14 98
87 14
23 94
62 42
57 96
42 55
98 18
70 5
46 49
76 87
99 66
46 22
40 44
53 4
47 52
85 86
63 44
34 60
46 70
47 5
81 67
53 93
47 7
91 68
89 59
82 33
60 89
78 53
65 55
93 96
80 54
27 55
37 21
56 40
17 95
21 98
22 28
75 25
7 65
70 44
37 4
8 10
25 93
56 60
76 75
51 65
21 95
2 80
67 24
78 38
68 34
10 49
47 99
73 35
99 77
21 77
85 45
77 88
38 42
56 11
62 64
80 79
91 74
40 70
44 48
63 80
74 46
94 14
50 83
70 81
5 26
19 7
75 17
30 43
65 56
88 16
56 87
93 6
43 62
34 33
60 42
11 28
99 87
62 35
46 36
30 61
75 64
81 83
5 9
54 83
76 32
51 70
76 11
4 7
31 22
19 97
20 45
62 81
48 97
49 98
72 50
61 75
33 92
61 20
15 11
1 33
18 81
62 86
51 33
86 33
47 43
70 86
9 23
76 60
27 78
74 26
35 65
57 37
61 2
83 74
51 80
28 11
31 82
96 50
89 84
63 54
4 75
47 15
95 81
24 35
23 71
5 9
61 3
28 6
91 74
24 96
100 82
44 48
94 17
98 69
61 53
37 38
30 94
56 60
5 83
1 29
3 65
14 38
80 22
2 23
45 98
60 99
17 95
64 50
11 62
66 87
79 39
90 66
84 54
82 50
88 61
26 68
82 93
18 99
20 45
8 94
25 52
67 97
72 51
93 4
43 57
94 82
17 42
34 91
64 97
15 47
91 10
30 52
8 48
29 80
89 6
57 4
18 16
67 93
53 95
2 78
1 98
65 30
81 70
83 90
7 24
46 76
79 63
12 53
85 47
69 100
10 23
75 61
63 32
53 76
97 84
68 7
31 40
57 83
80 98
25 27
94 75
27 15
52 66
46 15
17 92
52 6
66 58
5 32
76 74
38 80
79 38
30 38
21 43
80 61
85 11
90 26
33 36
12 68
40 95
99 19
84 69
11 5
77 21
22 91
64 97
46 65
29 93
47 62
78 47
26 29
66 69
11 19
90 41
52 62
28 76
64 31
3 44
93 9
76 10
10 44
19 85
94 16
55 17
91 31
18 16
64 34
86 93
83 4
35 4
83 85
11 15
64 1
60 24
6 79
13 97
46 82
18 38
81 47
7 54
98 45
1 19
8 48
85 74
54 75
78 62
29 43
19 84
37 89
74 30
54 96
76 34
56 97
91 96
63 89
73 41
56 63
88 79
56 92
16 91
35 5
56 79
94 1
93 8
38 36
94 50
30 29
26 6
73 81
72 23
66 9
15 38
14 100
60 68
22 3
18 84
90 68
1 58
27 83
58 34
73 52
53 79
90 55
76 24
69 78
49 6
4 98
56 64
19 99
50 26
15 48
12 19
69 91
35 83
99 9
84 89
7 41
37 50
92 39
89 32
85 83
34 33
100 36
4 26
24 61
43 13
15 11
57 48
85 40
14 4
43 41
18 15
16 61
58 38
24 76
28 24
28 53
98 49
100 96
11 19
77 49
19 25
87 8
57 74
27 95
52 35
2 58
91 51
13 6
76 80
31 74
6 97
35 24
14 78
78 98
86 93
93 55
58 85
69 90
89 38
17 87
14 22
5 81
12 91
21 92
24 43
65 12
55 91
44 77
42 36
20 70
24 93
65 34
48 98
39 81
16 27
75 52
55 87
98 89
32 65
48 12
96 95
23 49
76 62
61 43
80 92
70 2
74 93
99 34
21 97
76 98
90 33
7 74
3 49
63 50
43 37
42 77
27 93
80 18
4 63
21 54
34 4
66 56
62 95
25 59
97 29
13 68
88 28
39 74
98 29
15 44
21 1
40 78
69 95
12 41
47 48
37 58
51 2
82 43
2 23
83 82
25 71
64 79
89 56
86 19
1 45
87 56
86 27
17 30
94 59
47 57
73 16
91 12
15 74
21 43
65 79
11 82
48 33
59 12
97 54
85 1
19 39
98 53
91 90
69 46
83 72
69 74
91 64
5 19
67 54
4 28
88 97
39 27
71 1
69 10
8 21
86 16
36 82
72 67
27 50
40 8
51 79
15 52
64 86
71 35
6 92
85 7
54 40
26 21
64 38
35 13
14 97
43 33
28 71
41 90
7 12
83 39
54 23
16 40
28 88
99 8
96 7
50 99
14 4
80 53
29 96
23 81
64 11
83 7
20 80
61 95
13 3
13 99
93 60
44 53
83 1
67 54
17 83
30 48
51 73
37 82
73 48
67 15
89 78
22 14
15 79
21 28
11 63
38 13
82 74
84 91
54 90
34 50
85 33
85 39
22 100
70 72
76 53
74 57
49 14
61 47
61 3
96 68
72 28
6 19
95 57
99 74
99 68
32 27
9 51
40 59
49 16
86 19
43 79
13 33
77 95
79 60
22 29
78 100
20 51
18 43
47 66
97 87
41 16
45 50
4 39
18 67
87 57
81 80
45 74
78 91
95 93
8 83
47 75
96 33
84 78
57 69
51 52
26 69
61 13
62 45
18 89
39 6
100 47
60 14
66 39
39 53
89 65
20 39
7 95
36 60
47 55
87 23
6 19
63 32
21 64
46 30
32 79
15 97
8 11
86 49
10 77
36 45
95 50
79 77
90 100
21 94
40 75
16 80
86 80
51 47
81 16
93 83
7 50
100 88
95 33
66 96
79 62
15 88
74 56
80 59
11 42
22 85
37 8
45 57
61 70
25 96
15 39
69 36
94 84
15 34
69 8
94 92
47 68
24 64
50 42
10 88
46 26
53 58
45 16
44 5
15 34
29 48
24 18
48 43
53 13
34 70
35 2
3 12
70 16
62 53
15 55
68 8
34 28
72 2
97 88
13 29
19 38
98 86
78 94
89 56
90 58
77 14
72 60
89 33
84 98
94 47
27 69
5 41
33 31
2 10
88 34
58 70
71 42
46 77
88 3
6 49
95 84
63 15
5 9
89 79
97 26
14 19
10 65
85 28
60 36
96 44
94 85
94 81
98 24
74 61
21 57
26 48
19 15
36 78
24 62
17 98
94 90
33 40
89 34
16 11
9 22
1 32
99 16
89 83
40 35
69 72
97 52
30 32
1 14
15 44
20 46
54 28
23 30
95 32
14 45
13 92
12 90
84 90
94 60
26 78
17 64
71 90
44 89
85 71
50 92
14 60
85 83
37 13
32 3
9 74
46 85
20 90
80 100
53 77
75 37
87 22
100 82
49 53
62 64
12 41
99 81
43 23
100 67
70 98
100 31
14 65
61 71
91 25
51 60
66 92
27 68
84 51
74 81
5 93
63 68
26 37
20 100
40 52
98 21
90 76
80 49
39 66
72 25
21 1
90 53
11 45
63 12
19 41
87 41
37 98
59 6
35 10
84 75
4 29
58 11
41 39
71 27
74 40
85 37
54 71
35 87
30 35
13 66
14 25
95 27
49 28
67 48
68 88
84 20
63 40
27 55
72 16
81 88
53 99
98 69
48 2
93 15
79 92
9 70
71 18
7 72
1 64
48 7
82 38
81 52
42 20
85 65
82 29
51 7
59 65
58 97
9 43
23 47
32 24
18 65
38 82
89 49
7 26
19 60
100 49
59 97
9 79
10 60
43 44
53 81
70 57
69 43
56 21
96 61
40 73
19 36
44 19
38 35
60 84
41 6
92 8
67 91
39 80
15 36
6 24
73 2
95 41
91 72
65 4
36 4
99 85
82 69
7 71
93 20
35 25
81 88
52 51
84 4
34 46
86 13
14 16
19 80
96 93
61 69
21 29
59 75
38 51
59 45
34 79
60 17
20 69
57 59
79 100
37 74
73 97
56 83
37 85
68 24
65 90
70 50
100 82
93 56
76 46
71 42
49 29
63 91
49 19
12 31
74 31
92 93
55 92
58 23
35 16
9 89
9 56
62 65
54 81
70 62
38 99
6 60
11 85
77 58
16 82
50 41
92 58
31 34
4 38
59 88
73 8
53 39
68 24
90 78
15 1
35 29
11 61
32 68
16 49
71 15
19 58
3 4
69 43
66 64
81 12
87 70
34 17
72 86
54 8
73 35
40 63
95 82
59 44
38 33
57 23
