100 3000
63 49
13 32
78 76
71 90
3 79
31 46
66 55
90 10
7 81
60 18
79 57
41 54
37 78
72 15
78 36
16 98
25 74
20 45
28 17
26 70
57 87
82 61
94 91
30 55
51 88
26 96
36 93
45 11
33 97
88 1
15 11
38 93
84 43
4 35
66 4
75 74
49 93
77 27
89 4
60 41
88 89
43 16
42 100
3 97
28 95
40 5
40 89
77 22
96 69
11 84
79 40
42 1
67 79
39 30
73 29
44 36
32 83
87 100
26 47
52 11
61 53
98 30
12 74
18 7
11 43
52 62
22 99
40 1
23 53
90 21
24 43
94 51
74 30
93 55
20 95
71 64
17 79
59 75
9 64
81 92
88 86
83 72
100 51
36 37
30 27
40 96
81 5
43 66
58 28
94 72
45 11
64 3
51 42
61 32
98 10
47 41
36 32
80 54
40 75
34 1
87 34
88 63
100 35
26 93
21 3
32 52
32 39
67 5
55 4
87 29
88 69
47 6
61 83
56 17
42 24
2 6
82 25
18 11
41 22
67 85
50 6
73 89
65 48
85 44
65 39
42 35
85 71
89 4
77 6
50 51
10 88
49 91
76 40
98 23
17 49
62 4
5 65
40 5
32 13
24 39
26 59
27 5
11 10
33 30
60 22
70 98
32 49
10 12
3 83
89 87
79 63
11 37
62 97
57 63
66 6
50 22
88 46
59 43
17 9
48 36
96 13
97 34
65 22
89 41
73 39
78 3
83 59
59 85
89 32
1 16
25 15
7 17
18 46
85 58
40 60
41 27
55 17
45 17
20 44
87 18
45 51
89 60
38 82
5 78
99 4
38 22
36 37
33 65
85 66
70 20
21 48
48 13
47 65
56 45
29 73
10 48
4 83
19 4
7 50
49 98
23 57
14 35
4 2
74 57
90 74
60 67
17 76
33 16
7 82
37 13
64 51
12 22
13 32
18 81
44 23
93 45
77 6
82 12
81 69
2 91
57 83
7 72
41 52
96 74
9 33
54 85
69 1
72 100
100 87
95 58
85 89
54 86
29 16
67 59
34 29
92 12
28 30
100 8
99 87
40 71
78 66
62 44
7 35
73 21
21 96
22 31
100 62
5 55
76 63
14 77
54 26
37 57
82 54
6 73
75 67
6 12
38 51
72 51
84 46
32 38
67 54
56 63
33 44
74 48
1 61
47 100
76 39
39 54
29 6
23 74
93 11
74 70
20 24
60 65
51 45
34 88
80 76
100 92
28 70
13 14
32 33
47 7
44 4
20 4
23 26
30 31
42 43
60 47
89 77
63 69
48 92
90 22
15 19
54 61
58 73
83 19
94 28
37 98
18 57
31 89
27 86
16 92
77 67
49 17
84 30
60 4
67 84
64 67
100 37
83 27
62 35
22 17
62 76
93 94
91 51
93 100
54 55
67 90
26 96
16 43
72 68
51 40
17 32
81 66
32 88
90 9
16 22
24 7
96 88
67 86
62 53
40 18
86 4
97 100
97 78
12 74
13 56
25 8
55 12
73 67
67 43
97 9
77 2
76 12
72 42
39 11
26 40
45 37
5 50
39 14
36 84
65 28
16 4
31 68
92 39
41 22
14 45
68 61
31 77
19 68
51 26
30 26
90 75
30 51
68 100
43 8
26 67
5 43
26 36
11 76
71 58
47 50
23 31
21 68
16 72
95 33
88 82
88 48
76 86
69 52
16 83
73 6
78 98
3 86
82 41
66 29
73 65
24 98
67 90
44 48
99 95
26 94
83 75
35 59
97 6
59 86
15 49
41 92
60 98
79 17
29 2
71 82
97 16
75 74
9 73
57 80
96 50
16 99
44 4
33 98
72 93
75 28
44 68
48 86
84 97
93 96
98 19
74 100
74 20
12 6
65 8
21 33
72 46
75 84
60 53
98 54
17 77
5 99
72 84
89 80
71 81
6 27
16 60
76 13
51 24
71 87
64 40
27 37
81 26
65 26
34 91
4 17
100 97
17 74
97 11
68 79
68 53
97 31
62 74
55 31
17 8
100 3
20 7
99 66
61 14
45 68
75 13
97 49
66 85
20 100
97 63
1 18
75 46
58 51
81 12
13 97
94 57
12 57
83 35
62 11
72 59
7 10
21 3
44 14
70 82
9 84
83 71
53 37
44 70
9 51
15 10
74 79
17 33
22 78
81 35
99 48
40 84
24 48
74 45
49 14
32 7
44 43
80 96
31 25
92 79
67 60
83 40
24 98
18 22
86 55
52 44
14 74
19 65
71 63
73 36
93 43
4 72
69 47
54 72
71 56
98 84
91 97
21 27
13 9
45 43
37 65
90 53
99 24
24 66
36 74
26 98
11 96
23 97
45 35
95 97
45 44
90 34
53 90
17 2
36 8
31 33
93 59
18 78
26 10
19 11
79 13
14 29
31 53
11 75
83 95
42 18
46 33
88 71
45 15
60 21
45 27
3 74
84 58
44 3
76 32
85 25
92 96
44 85
53 46
46 4
59 15
80 23
9 29
49 37
92 28
57 48
32 54
69 92
34 48
69 76
52 47
69 67
20 52
64 84
14 100
16 58
13 28
27 37
34 18
48 15
21 94
60 36
50 2
82 15
85 99
11 14
66 2
35 81
14 76
26 48
9 22
95 25
70 17
25 75
33 47
77 66
32 76
53 44
82 54
88 1
55 70
88 76
31 93
15 96
99 48
10 100
26 40
21 43
100 86
81 5
7 8
84 52
98 62
69 56
76 83
9 72
47 9
12 82
82 72
45 59
21 92
37 24
5 22
69 98
6 92
87 99
79 54
98 83
89 45
59 4
80 83
69 59
65 21
97 77
95 88
54 94
26 49
90 85
31 21
28 69
41 45
92 22
97 47
58 98
15 28
27 73
75 24
50 98
69 73
21 63
98 64
1 97
45 14
18 4
52 40
14 79
75 93
81 5
56 46
43 79
26 6
48 77
98 61
24 97
79 2
91 48
22 4
82 23
51 59
96 31
23 40
94 78
40 84
40 7
4 45
18 10
14 47
59 2
44 65
13 57
71 53
63 32
54 48
94 44
91 8
25 18
88 36
28 72
55 95
25 94
83 93
98 70
49 17
89 92
80 61
48 94
49 1
29 45
68 24
7 82
53 33
91 74
87 20
17 95
21 7
12 69
20 5
9 21
26 90
68 58
66 61
26 83
46 97
77 34
64 56
80 20
1 31
40 98
73 28
71 6
37 43
13 28
59 18
70 97
2 100
26 16
95 57
86 56
13 93
16 71
14 81
22 98
52 45
79 30
65 5
72 85
11 91
93 11
45 34
86 46
55 14
67 82
82 26
3 77
66 53
17 28
43 10
6 88
69 63
60 23
99 70
27 96
79 87
39 14
28 91
75 54
11 65
77 68
99 23
44 71
78 41
36 18
73 95
89 23
48 90
72 55
17 100
2 4
7 42
82 40
3 87
6 51
18 71
71 48
50 68
12 70
89 20
6 44
54 30
81 9
38 12
98 84
4 20
87 84
93 2
62 82
6 40
66 50
45 34
64 66
63 6
12 39
48 42
22 1
41 1
9 24
26 53
91 49
54 36
46 70
70 6
85 15
22 69
85 69
66 30
8 43
90 45
98 56
66 48
27 47
99 4
78 19
88 43
50 63
18 33
91 83
37 19
25 69
85 11
78 97
49 25
43 81
31 11
30 86
90 55
3 45
95 40
18 87
37 4
39 77
33 77
23 20
30 44
48 35
25 16
89 92
7 93
43 30
49 39
64 61
65 23
81 48
21 38
64 2
19 24
37 70
69 78
57 36
73 69
89 78
42 4
3 25
98 34
72 85
66 17
85 53
45 10
61 48
49 50
97 89
80 2
44 87
53 68
15 66
17 36
98 77
42 40
97 73
19 9
68 53
77 72
68 64
20 5
28 16
64 75
4 79
9 93
29 77
43 63
75 59
66 67
18 59
72 45
89 62
70 47
26 56
91 42
13 36
44 96
56 21
97 3
58 10
47 24
36 75
88 85
86 58
60 50
24 6
84 47
15 11
87 12
82 69
60 15
7 19
47 74
56 16
57 9
31 47
86 36
39 40
25 23
32 13
24 69
85 60
23 46
70 8
24 64
13 55
49 38
9 75
2 17
51 24
18 19
78 71
8 71
20 25
69 41
18 100
35 40
36 81
97 58
79 60
13 91
5 92
56 6
4 76
22 30
44 63
19 31
24 81
31 87
9 88
3 65
71 56
94 13
54 66
45 54
18 13
75 66
91 88
78 6
18 86
52 4
94 47
23 79
4 8
13 18
44 54
20 85
6 95
51 11
1 92
100 18
59 90
32 14
79 53
70 30
42 16
4 10
7 15
100 99
51 31
9 90
95 29
83 27
39 21
15 50
80 42
83 59
15 90
42 18
100 19
88 2
51 12
34 95
88 4
44 54
31 10
25 97
33 34
42 4
32 95
72 29
35 63
93 52
24 6
7 28
1 31
49 92
83 70
60 23
18 84
91 93
91 62
3 60
100 19
84 64
48 93
98 47
81 16
25 54
100 99
62 89
16 31
46 88
19 100
42 69
8 57
14 47
99 64
22 48
56 61
18 4
7 2
92 13
8 100
1 99
31 63
5 98
5 38
72 91
9 77
1 87
72 93
95 16
93 36
78 49
22 62
47 87
90 57
46 91
96 74
41 60
62 89
72 75
64 41
23 38
41 98
2 96
82 13
30 77
6 88
33 31
66 31
29 14
71 20
30 80
35 84
100 74
36 32
97 33
25 100
17 49
39 95
9 42
87 62
97 100
81 17
81 5
54 25
46 92
80 42
89 35
28 15
40 34
29 31
5 4
93 29
28 13
22 4
20 34
39 8
82 45
36 71
90 78
66 1
20 91
84 4
72 5
27 81
2 53
23 65
87 12
79 89
19 95
78 79
93 15
5 82
69 94
10 25
57 52
51 49
72 68
23 7
66 88
80 35
3 16
79 16
52 16
64 29
84 29
88 45
71 89
45 28
7 83
97 76
27 63
95 29
18 68
60 1
38 16
55 77
70 20
10 34
14 72
39 33
95 52
24 20
85 98
15 38
95 9
55 11
30 93
85 37
87 88
27 44
40 63
25 3
55 87
39 53
35 37
84 86
73 26
46 87
28 48
28 53
93 35
34 42
80 72
61 98
77 65
33 56
92 35
20 74
66 39
82 93
86 98
15 82
76 53
83 14
18 10
98 64
13 77
53 85
48 51
79 59
2 66
48 83
91 71
82 13
71 35
43 44
31 63
21 99
90 32
78 66
61 84
96 83
88 39
53 33
7 34
33 51
26 55
96 100
78 72
51 3
35 24
27 25
9 65
63 44
55 38
7 6
19 10
37 21
16 5
15 10
23 41
43 25
59 27
35 36
89 92
49 40
4 16
81 6
47 34
49 83
90 98
84 37
33 10
52 76
77 57
90 54
56 27
82 7
45 15
69 53
86 3
76 60
13 40
71 52
2 83
20 58
34 12
52 65
9 15
12 65
71 98
59 37
52 17
58 19
57 6
65 83
40 66
11 37
3 54
61 2
65 99
19 95
19 75
47 89
73 90
41 26
35 22
73 7
1 23
25 76
23 91
82 44
17 39
71 41
27 13
22 68
11 48
73 19
78 15
71 6
3 26
41 51
28 6
97 5
59 6
14 5
47 9
37 80
88 29
42 66
86 59
37 39
38 77
50 4
84 2
21 58
59 81
75 40
76 51
7 52
32 48
65 74
13 67
19 5
49 95
55 68
31 82
31 46
72 73
44 82
91 98
26 31
73 57
99 17
31 88
88 95
99 4
35 91
86 9
19 6
8 45
46 97
62 25
86 97
32 39
77 95
1 66
25 76
38 62
13 51
83 73
82 14
12 83
31 25
93 35
37 11
70 43
76 91
92 21
20 80
26 52
72 5
9 75
75 6
81 70
94 57
82 11
47 94
79 6
97 71
42 6
10 32
10 46
35 85
32 8
100 39
27 18
22 47
84 12
62 55
26 63
85 47
3 93
86 21
17 22
14 45
26 36
57 74
32 97
5 7
10 44
54 31
70 92
33 61
20 92
40 49
41 28
90 93
6 23
40 9
45 10
88 12
71 96
6 72
57 76
26 78
46 80
79 43
31 10
23 76
59 54
44 23
91 49
17 8
51 81
63 85
19 58
65 86
75 67
69 46
40 23
20 80
13 97
70 87
38 56
91 47
24 43
67 2
83 58
95 3
95 51
61 34
80 15
76 13
9 26
74 13
1 83
53 15
1 37
15 12
84 95
29 62
51 65
39 48
57 68
23 82
9 6
62 22
18 20
54 72
54 58
82 15
20 59
48 27
80 34
18 21
35 26
90 89
33 19
34 91
81 70
77 37
57 53
68 39
87 81
38 28
77 14
68 98
21 67
61 58
50 11
87 14
57 13
41 77
57 53
43 66
96 32
13 45
99 68
37 52
10 94
4 68
26 15
44 54
69 31
89 22
57 1
11 95
86 72
10 92
79 23
27 17
29 47
88 73
36 96
40 30
36 20
12 43
57 43
19 5
19 36
11 22
71 78
69 13
12 64
1 77
67 66
52 33
28 74
69 29
27 20
9 63
7 13
66 72
78 72
91 29
7 93
79 42
55 68
66 74
89 80
87 69
6 65
96 25
45 33
72 5
4 32
12 97
77 23
39 56
14 25
10 25
94 14
61 82
5 30
12 28
68 56
31 65
63 68
34 73
41 68
69 10
15 44
98 19
10 42
42 93
92 30
56 9
67 15
29 43
70 45
97 75
54 13
45 26
50 28
67 29
67 55
65 59
57 32
30 54
48 100
35 46
96 100
39 13
58 81
96 12
17 47
68 53
9 85
1 87
95 27
13 78
55 7
51 40
85 57
16 48
49 39
43 63
51 74
5 14
43 22
1 25
34 30
57 68
43 78
24 93
83 39
30 83
61 55
47 45
19 50
72 19
36 82
84 44
71 24
29 83
30 97
76 95
29 41
49 75
63 15
8 58
93 44
89 8
2 87
53 15
55 47
95 7
93 5
84 2
98 30
79 4
40 43
94 17
63 85
23 2
37 5
32 92
37 36
39 25
93 40
10 77
54 77
72 58
12 37
46 12
40 89
88 62
12 94
90 47
50 84
43 98
46 10
53 78
87 53
18 75
98 96
69 91
23 59
27 98
74 13
63 2
99 12
98 40
99 92
80 37
8 96
13 33
65 20
20 100
92 70
100 92
33 21
86 37
90 21
57 37
34 29
62 97
85 23
71 61
31 11
72 39
69 12
22 66
2 78
10 87
55 99
36 71
59 23
61 44
92 67
20 50
64 1
31 75
69 30
27 88
66 7
46 90
71 97
48 34
65 1
74 98
76 28
15 33
71 36
99 95
11 78
70 82
77 6
30 22
23 6
100 78
87 42
3 9
64 61
25 86
43 56
65 21
35 98
57 6
67 70
41 44
62 3
43 18
95 45
47 45
80 13
14 58
42 80
15 46
77 27
14 66
49 92
49 48
94 50
17 68
5 25
5 99
13 48
24 23
15 49
62 29
58 32
72 30
16 24
52 71
50 48
100 82
72 28
48 82
71 17
64 46
66 77
48 55
9 49
55 57
69 100
91 46
46 47
27 15
23 60
48 9
46 1
93 45
93 35
10 53
18 17
33 1
68 37
80 86
60 18
73 86
49 48
6 90
64 39
81 75
53 36
46 30
76 27
79 49
84 83
91 51
8 84
12 43
41 97
63 70
1 76
60 28
59 5
96 15
33 82
6 100
13 40
10 36
48 53
24 41
26 28
5 66
28 56
41 82
56 85
88 34
5 42
10 50
8 97
64 4
96 14
80 97
19 76
28 98
23 55
11 97
34 96
82 49
50 68
5 61
74 82
4 2
87 32
71 36
99 90
82 98
33 6
41 83
60 5
84 97
52 45
13 1
64 5
17 49
94 45
15 69
49 91
65 15
74 46
49 55
28 91
26 63
73 3
16 48
6 2
23 91
71 76
72 78
44 86
19 89
73 5
23 33
55 40
69 47
25 13
66 70
8 56
56 89
51 20
69 22
23 47
96 10
60 34
6 15
95 39
30 80
46 58
29 5
35 77
80 40
65 56
77 45
2 81
9 19
59 9
29 100
87 97
23 53
60 45
54 28
80 37
56 33
85 75
14 17
82 67
48 70
96 15
22 24
17 83
80 93
45 58
82 63
92 59
5 53
33 85
28 37
83 11
88 25
38 48
65 45
74 81
43 79
1 14
81 88
80 9
69 24
49 95
22 97
100 13
1 36
81 64
9 35
24 65
99 38
42 74
78 34
33 63
80 33
44 34
67 47
52 67
97 79
16 97
9 16
98 27
91 4
96 60
40 33
48 99
35 43
72 12
69 39
46 85
11 27
93 42
51 95
23 93
90 54
85 87
77 67
66 81
27 53
85 19
90 18
66 28
48 78
79 24
6 52
64 41
41 22
85 28
36 32
78 25
88 9
40 94
57 36
66 33
95 12
76 57
2 85
55 89
78 72
63 46
11 7
76 12
51 74
58 48
79 87
9 21
34 96
37 62
58 35
98 86
32 61
94 92
80 28
62 71
99 15
33 31
35 90
66 54
47 35
48 45
60 62
93 61
18 50
92 14
25 26
61 50
51 37
97 7
1 39
24 73
2 34
85 45
33 77
82 57
69 72
45 34
100 58
68 13
4 93
14 50
14 30
83 92
61 47
39 38
47 70
20 79
67 57
38 17
20 89
6 65
60 79
38 21
5 89
96 32
37 66
61 94
50 13
1 40
24 34
80 58
62 22
46 96
13 70
56 93
73 12
49 99
66 25
98 73
48 85
6 68
91 55
47 62
36 55
35 33
50 97
8 62
6 36
8 60
60 53
13 41
8 52
46 36
6 31
49 57
93 30
39 52
64 76
39 6
80 56
15 89
17 59
57 99
20 52
13 16
4 33
49 84
58 54
31 37
97 58
37 27
2 24
10 77
9 98
58 3
54 33
66 5
61 27
98 79
34 52
25 11
72 100
91 64
92 35
40 51
27 89
63 20
31 54
34 75
63 13
35 31
76 86
71 60
73 98
50 28
27 79
65 50
26 61
67 83
38 62
70 55
79 30
47 44
54 12
29 16
58 88
34 70
67 6
8 45
62 14
57 13
11 30
51 92
90 82
37 21
3 8
65 17
50 44
48 21
75 42
14 65
67 26
79 81
13 95
6 22
6 90
94 45
53 42
36 29
44 39
14 12
34 55
95 14
86 50
32 58
83 72
53 75
2 90
46 44
9 73
51 72
32 26
9 50
90 43
86 7
4 28
73 35
35 36
25 8
39 47
16 94
74 68
40 1
28 63
35 26
86 46
96 54
18 28
49 51
71 100
75 1
5 67
86 50
5 82
27 15
71 1
80 17
2 90
87 57
76 71
72 40
3 48
14 75
38 29
38 44
81 43
76 67
45 18
28 94
37 76
78 6
38 98
47 12
68 81
69 65
87 50
99 30
91 42
55 52
100 75
50 9
95 49
79 9
46 2
64 42
16 14
40 41
51 36
7 63
44 11
18 45
27 98
24 8
45 21
94 93
4 1
99 82
62 96
33 99
86 94
98 70
29 25
48 24
10 78
18 74
83 50
80 65
66 79
51 82
73 79
35 19
10 52
35 71
100 58
48 78
88 91
51 43
84 12
6 80
100 37
39 2
72 85
65 2
31 59
65 9
95 98
10 24
63 50
5 9
8 90
18 61
80 11
25 68
34 79
7 36
63 20
82 66
75 72
76 43
6 96
28 32
72 90
28 22
58 13
50 19
54 93
6 92
62 100
78 41
81 63
97 8
49 67
16 46
32 52
73 100
28 33
3 25
87 92
83 28
52 61
90 89
29 51
99 66
65 78
19 86
54 20
2 82
11 78
80 43
69 57
56 34
11 86
20 21
46 19
26 20
81 36
61 68
33 70
62 51
15 12
80 10
69 45
4 49
1 35
93 67
47 15
86 36
65 18
51 41
2 26
36 7
44 43
6 9
76 10
59 29
43 65
50 90
31 53
21 1
66 27
37 68
55 37
82 5
66 2
41 10
68 64
11 75
62 74
9 37
65 38
34 10
96 27
55 39
7 35
8 37
12 41
64 36
69 51
60 75
65 46
76 70
1 44
86 83
13 97
30 58
9 2
44 61
65 30
14 11
65 68
5 13
61 22
48 49
49 53
61 46
3 94
34 59
88 51
98 55
75 24
26 42
99 87
8 31
35 8
19 24
65 85
64 74
68 20
91 34
72 8
40 56
98 63
99 84
62 15
97 68
3 32
68 55
90 68
6 58
20 15
74 86
27 63
77 25
12 99
93 87
62 23
32 12
69 93
37 83
65 93
46 76
12 73
57 81
27 57
31 26
40 39
96 61
86 87
45 20
23 1
65 66
5 98
96 93
30 75
51 59
5 82
86 72
34 58
17 10
25 12
52 13
16 1
7 32
48 13
26 18
81 42
70 49
79 49
70 75
97 61
55 83
90 27
87 20
44 59
30 71
91 5
22 3
60 54
85 50
22 16
60 12
10 81
27 53
83 4
35 19
46 64
65 93
26 57
98 46
1 73
41 11
73 5
7 93
96 65
52 100
73 3
90 27
16 65
69 13
30 90
34 89
42 13
19 39
70 46
31 17
52 11
75 87
29 93
41 43
53 40
13 46
25 90
3 65
100 85
86 49
35 8
52 88
1 54
95 5
19 68
62 11
61 89
62 19
87 5
38 86
77 87
16 48
44 30
53 28
51 25
45 33
54 91
72 38
70 88
2 47
47 77
80 18
73 52
84 3
4 58
74 89
16 79
69 50
65 13
74 3
3 54
66 97
32 1
10 49
2 37
98 38
45 47
4 9
31 83
9 88
30 14
39 12
84 83
65 41
92 29
25 38
62 3
49 2
47 20
75 13
67 11
49 8
38 93
74 45
95 46
95 85
7 75
99 39
7 35
87 88
22 13
6 38
40 84
27 19
6 64
50 100
79 82
62 80
4 31
86 36
77 9
60 6
18 21
73 27
88 87
19 23
13 98
46 9
11 69
50 89
42 23
43 92
65 8
70 31
25 53
29 16
46 48
19 35
80 18
57 31
19 40
86 43
23 46
56 5
37 67
16 50
72 7
42 12
85 15
47 83
84 56
74 4
21 48
32 5
96 72
63 23
24 61
71 70
52 79
4 2
9 25
97 8
45 55
44 36
100 94
39 58
38 39
86 20
87 59
57 18
80 4
68 38
70 78
62 76
74 26
19 39
91 94
4 67
40 29
41 65
89 94
89 98
94 17
37 73
73 93
86 16
35 92
86 83
51 3
67 22
34 51
84 5
12 100
58 59
34 38
4 64
82 39
87 66
62 14
3 61
41 35
52 39
88 69
74 1
2 39
6 7
21 84
87 72
47 15
41 44
10 79
57 56
84 95
79 70
60 27
71 22
51 62
49 10
60 86
81 38
8 68
75 57
46 37
64 39
20 49
55 13
73 92
53 80
17 24
38 6
84 97
93 95
7 17
40 49
77 12
6 60
8 33
39 31
57 11
27 66
100 84
67 34
25 30
11 64
96 5
54 70
58 26
82 52
90 92
9 44
33 86
76 19
22 86
72 77
83 68
81 13
98 32
21 11
5 91
79 77
30 71
37 46
71 88
12 22
87 59
68 84
99 35
94 5
7 59
44 4
43 46
16 53
34 67
58 25
54 86
65 93
73 76
50 95
54 90
5 51
6 59
98 91
56 98
53 72
53 33
35 83
37 49
86 57
16 35
97 55
89 72
54 34
43 26
70 40
31 37
80 57
20 31
58 39
95 28
35 43
22 43
99 26
25 91
99 45
97 99
2 45
59 2
49 31
91 96
39 41
74 95
78 64
71 31
16 92
60 15
67 55
2 21
14 93
48 50
13 5
15 47
5 91
63 93
94 37
3 87
32 58
65 6
85 40
97 12
71 62
85 54
3 44
79 9
60 21
18 66
88 48
63 62
90 36
73 75
10 5
21 68
20 45
11 1
49 96
99 93
8 69
43 46
6 81
95 84
21 71
88 29
54 17
78 24
83 52
21 60
34 50
30 93
31 20
52 57
8 98
92 40
60 10
9 73
36 21
77 27
50 24
17 86
33 12
93 55
78 39
22 31
20 89
59 52
30 87
32 10
7 79
46 28
41 10
1 85
15 85
92 63
22 33
9 75
5 28
30 83
1 21
50 34
25 47
9 96
74 99
31 64
97 61
86 80
4 11
52 44
41 18
90 91
76 15
19 48
75 31
90 51
13 60
79 86
96 86
74 52
93 34
25 93
29 55
49 56
98 44
52 64
62 11
86 95
76 69
99 18
96 3
63 51
99 75
71 18
98 85
49 85
46 38
24 11
26 97
41 97
22 53
7 56
28 52
8 80
30 31
18 52
71 75
87 64
48 46
97 14
13 52
83 97
86 31
42 69
91 31
84 89
88 50
93 12
45 9
61 17
90 81
63 55
37 48
17 21
43 81
13 2
87 23
38 30
48 27
42 24
73 86
77 34
68 20
96 36
100 91
11 86
97 4
70 25
48 12
73 14
53 13
4 11
91 23
92 15
43 96
84 38
30 80
41 95
34 38
6 65
21 41
20 39
78 11
35 48
78 41
96 35
36 49
85 56
10 3
76 21
46 73
8 17
17 23
19 73
27 60
74 82
81 47
56 20
30 38
95 75
62 98
21 9
86 49
88 21
6 63
83 6
58 70
99 100
30 7
99 74
38 74
84 83
98 9
97 14
23 73
8 86
48 8
100 42
14 62
93 70
85 72
51 48
41 24
44 64
33 22
73 12
47 4
32 29
18 4
73 68
63 65
73 6
9 66
53 84
29 86
85 100
14 33
90 62
30 57
91 60
55 46
13 95
51 71
75 94
29 35
51 94
1 69
43 77
12 71
73 3
13 83
43 29
82 34
51 41
69 23
80 31
71 50
52 9
68 34
100 20
77 26
71 85
41 77
27 29
1 22
83 21
48 21
31 84
15 39
79 31
78 34
88 36
25 90
73 88
72 26
39 11
8 1
38 84
52 85
26 90
12 60
67 52
21 86
89 82
15 12
52 86
6 72
22 96
2 35
64 63
7 45
49 25
65 85
11 31
88 34
7 74
98 23
81 39
97 100
54 56
65 58
64 69
28 87
2 33
36 8
37 26
99 33
89 12
76 12
70 74
12 75
91 43
5 54
46 26
14 94
1 51
6 36
18 49
88 2
85 22
29 85
81 89
62 9
67 7
62 5
19 97
61 72
40 72
52 81
80 58
42 68
34 62
100 54
91 8
38 93
25 95
20 78
51 73
11 17
59 54
29 41
22 61
60 25
20 57
36 76
77 2
92 66
97 30
21 9
17 16
35 61
64 44
90 48
15 89
18 90
81 53
19 26
4 33
86 51
58 79
58 32
81 10
16 89
43 13
52 91
50 92
18 25
73 86
2 1
42 49
11 51
98 73
68 94
24 81
58 89
18 65
39 32
70 62
79 52
7 37
38 70
