100
4 74
72 97
4 63
33 81
62 43
30 44
94 39
46 49
14 99
95 74
85 1
41 9
72 88
63 38
10 29
69 49
27 74
58 15
39 19
69 94
37 64
32 64
79 2
57 99
66 72
45 72
89 72
14 57
92 55
93 37
68 16
99 21
74 27
68 61
37 76
12 88
93 39
85 55
99 75
41 90
58 96
22 68
16 24
61 85
63 42
99 3
80 59
64 67
65 88
10 99
51 28
100 1
66 2
11 57
11 75
29 57
15 63
55 56
17 42
61 21
56 22
13 62
100 37
16 31
41 58
39 7
89 50
4 38
30 88
74 17
75 91
38 26
44 70
80 38
99 73
69 10
25 14
100 7
11 88
48 100
9 59
90 11
41 97
55 28
35 33
83 86
97 72
34 54
77 27
74 87
43 22
3 82
35 59
19 55
38 9
36 52
77 18
22 18
60 73
25 85
