100
54 2
17 73
87 29
22 66
74 88
65 71
64 19
80 64
21 60
42 25
72 90
4 50
100 95
49 2
94 36
28 55
98 47
77 10
53 91
14 81
53 30
64 6
40 74
84 60
92 58
27 2
62 7
79 12
68 46
43 18
66 53
69 55
76 51
15 11
32 100
14 86
82 45
70 30
61 35
29 3
29 51
37 72
92 18
18 6
28 46
84 47
66 5
2 92
92 60
70 15
42 47
92 43
38 38
61 95
36 5
17 96
98 10
32 75
52 75
55 58
31 54
80 2
42 38
10 10
61 87
78 51
37 92
5 95
35 85
69 73
4 11
36 26
11 90
76 76
39 76
75 21
91 14
49 7
50 48
47 70
15 53
86 68
26 79
1 22
70 83
13 90
24 98
49 57
5 24
76 24
37 26
95 60
2 9
39 65
1 56
93 72
55 78
93 91
57 6
35 81
