100
82 67
84 43
50 16
93 35
17 90
53 81
78 87
31 68
47 45
88 87
1 54
7 100
23 98
66 71
23 62
98 23
92 66
12 80
94 62
66 90
92 82
12 15
50 83
59 44
24 30
62 48
69 98
50 73
25 47
97 66
51 71
78 87
23 23
5 68
15 46
88 28
98 22
26 31
2 98
91 29
63 78
27 78
52 7
39 15
86 49
56 12
52 68
70 58
36 29
47 36
38 94
91 28
18 30
44 80
94 8
6 12
71 91
25 30
46 83
38 27
67 72
15 11
41 38
6 7
58 29
19 58
54 45
29 61
88 27
68 84
37 77
82 46
53 7
64 22
10 16
59 40
40 35
97 82
91 15
68 77
65 14
11 87
20 53
85 70
100 85
23 54
75 86
28 83
15 38
23 24
36 53
8 24
27 23
2 48
19 94
45 89
81 32
55 36
49 33
64 31
